,F0semitoneFrom27.5Hz_sma3nz_amean,F0semitoneFrom27.5Hz_sma3nz_stddevNorm,F0semitoneFrom27.5Hz_sma3nz_percentile20.0,F0semitoneFrom27.5Hz_sma3nz_percentile50.0,F0semitoneFrom27.5Hz_sma3nz_percentile80.0,F0semitoneFrom27.5Hz_sma3nz_pctlrange0-2,F0semitoneFrom27.5Hz_sma3nz_meanRisingSlope,F0semitoneFrom27.5Hz_sma3nz_stddevRisingSlope,F0semitoneFrom27.5Hz_sma3nz_meanFallingSlope,F0semitoneFrom27.5Hz_sma3nz_stddevFallingSlope,loudness_sma3_amean,loudness_sma3_stddevNorm,loudness_sma3_percentile20.0,loudness_sma3_percentile50.0,loudness_sma3_percentile80.0,loudness_sma3_pctlrange0-2,loudness_sma3_meanRisingSlope,loudness_sma3_stddevRisingSlope,loudness_sma3_meanFallingSlope,loudness_sma3_stddevFallingSlope,jitterLocal_sma3nz_amean,jitterLocal_sma3nz_stddevNorm,shimmerLocaldB_sma3nz_amean,shimmerLocaldB_sma3nz_stddevNorm,HNRdBACF_sma3nz_amean,HNRdBACF_sma3nz_stddevNorm,logRelF0-H1-H2_sma3nz_amean,logRelF0-H1-H2_sma3nz_stddevNorm,logRelF0-H1-A3_sma3nz_amean,logRelF0-H1-A3_sma3nz_stddevNorm,F1frequency_sma3nz_amean,F1frequency_sma3nz_stddevNorm,F1bandwidth_sma3nz_amean,F1bandwidth_sma3nz_stddevNorm,F1amplitudeLogRelF0_sma3nz_amean,F1amplitudeLogRelF0_sma3nz_stddevNorm,F2frequency_sma3nz_amean,F2frequency_sma3nz_stddevNorm,F2amplitudeLogRelF0_sma3nz_amean,F2amplitudeLogRelF0_sma3nz_stddevNorm,F3frequency_sma3nz_amean,F3frequency_sma3nz_stddevNorm,F3amplitudeLogRelF0_sma3nz_amean,F3amplitudeLogRelF0_sma3nz_stddevNorm,alphaRatioV_sma3nz_amean,alphaRatioV_sma3nz_stddevNorm,hammarbergIndexV_sma3nz_amean,hammarbergIndexV_sma3nz_stddevNorm,slopeV0-500_sma3nz_amean,slopeV0-500_sma3nz_stddevNorm,slopeV500-1500_sma3nz_amean,slopeV500-1500_sma3nz_stddevNorm,alphaRatioUV_sma3nz_amean,hammarbergIndexUV_sma3nz_amean,slopeUV0-500_sma3nz_amean,slopeUV500-1500_sma3nz_amean,loudnessPeaksPerSec,VoicedSegmentsPerSec,MeanVoicedSegmentLengthSec,StddevVoicedSegmentLengthSec,MeanUnvoicedSegmentLength,StddevUnvoicedSegmentLength
0,36.877235,0.057241473,34.728115,36.990494,38.489067,3.7609519999999996,43.75935,55.811962,12.726447,6.4702535,0.34144694,0.77482736,0.088118255,0.28908187,0.5603715,0.47225326,5.5960627,3.2611566,5.5127034,3.3079483999999995,0.0138493385,1.0468858,1.2873736999999998,0.5504983,6.524037,0.51933765,6.23378,1.6309793,16.811703,0.88892597,751.7719999999999,0.29761750000000003,1406.7697,0.17173755,-78.91056,-1.1699975,1717.4,0.10956009,-71.97034000000001,-1.1952021000000002,2660.1533,0.09858998,-75.74393,-1.1062493,-4.802683,-1.1615082,14.119561,0.85341734,0.1016505,0.20521618,-0.005553724,-2.8685055,2.961452,3.4697014999999998,0.08369872,0.022265447,3.7546934999999997,2.0151133999999997,0.325625,0.32963935,0.14117646,0.23571876
1,36.70762,0.04728224,35.481953000000004,36.304775,38.131805,2.6498527999999997,59.987869999999994,121.60153000000001,13.034918,6.222843599999999,0.38727740000000005,0.8266435,0.1051219,0.2956705,0.6593389000000001,0.554217,7.063158500000001,4.1476216,6.0388150000000005,3.5279492999999995,0.013424438,1.3202059,1.4289768999999999,0.62314403,6.5801050000000005,0.5576038000000001,2.6076542999999996,3.705739,18.008620999999998,0.869555,740.2496,0.28897133,1435.8778,0.16213423,-82.08289,-1.1376458,1672.6023,0.118499964,-75.84675,-1.1631973,2651.6821,0.10502932,-82.73205,-1.0100417,-4.295072,-1.2047466999999998,16.068106,0.74325746,0.09989046,0.21979286,-0.0029738683000000003,-5.01414,0.9570931,5.658375700000001,0.07208909,0.01318697,4.002354,3.0714707000000003,0.19903846,0.19134401,0.1104,0.15666473
2,32.344547,0.18935479,25.418362,35.221096,37.355476,11.937114999999999,448.50842,577.98676,120.619606,134.54707,0.35403229999999997,0.74951154,0.09114024,0.30714834,0.56428885,0.4731486,5.5561213,3.0747929,4.526635,2.5438218,0.027221277000000002,1.8005518,1.5395584999999998,0.585422,4.7267423,0.66845757,0.16880177,60.46021700000001,25.894464000000003,0.72667813,806.6685,0.29578468,1343.4813,0.20009606,-133.4079,-0.6879105999999999,1734.5823,0.14009592,-129.80318,-0.6953298000000001,2829.2870000000003,0.13151097,-135.60228,-0.61409515,-7.278207000000001,-0.8622502000000001,21.456682,0.6119175,0.117634654,0.21893728,-0.013062666,-1.5181632,-1.4360814,13.723144,0.113416284,0.0046157013,3.5614245,2.7276373,0.13102941,0.12782267,0.22181818,0.3538785
3,28.825096000000002,0.24337491,23.735651,26.273611,33.910496,10.174845,401.59167,561.7040000000001,220.68764,247.45786,0.3691656,0.6894461999999999,0.104427174,0.3452113,0.5946099,0.49018276,5.242546599999999,2.364286,3.9748362999999998,2.058102,0.04154119,1.4613196000000002,1.6315565,0.5631427,3.2526457000000004,0.7205411,-4.019541,-3.1113164,31.611328000000004,0.64727277,835.7078,0.32539874,1301.5137,0.25302812,-153.92696,-0.53237104,1800.8888,0.14799158,-150.64876,-0.54221267,2982.47,0.12934417,-156.23152,-0.46520913,-10.260214,-0.56943697,26.74673,0.45769364,0.1319825,0.10660796,-0.022806775,-0.9653646,-2.9312177000000004,15.515595000000001,0.12479894,0.001565415,3.88611,2.6214342,0.09705882,0.06909198,0.26043478,0.25662485
4,30.200753999999996,0.32456258,22.858988,25.445084,36.21815,13.359163,456.28652999999997,275.1631,506.2319,855.4508,0.3545123,0.66640604,0.13451742,0.31875852,0.5528767,0.41835928,5.203236599999999,2.6208683999999995,4.5073237,2.1933947,0.055884015,1.4915785,1.8656063000000003,0.5129234,2.5905204,0.8897809999999999,-2.749646,-6.6983585,24.601793,0.95779854,825.2972,0.33723292,1277.527,0.24891882,-164.1487,-0.44811165,1803.2284,0.15012929,-160.50488,-0.45655003,2989.3037,0.13199194,-164.09444,-0.40459573,-7.228411,-0.9060559000000001,26.57897,0.53066117,0.12746735,0.11992483,-0.023016535,-1.101875,-3.0622551,19.015947,0.13198785,-0.0014519083,4.006678,3.5353534,0.053333335,0.03655828,0.19954546,0.18096903
5,30.060474,0.17239915,25.323904000000002,27.758257,35.051586,9.727682000000001,188.34666,92.38079,196.68813,149.80585,0.36821195,0.8235013000000001,0.05589193,0.29701209999999995,0.6518751,0.59598315,6.0605080000000005,2.8059835,5.175142299999999,3.1051674,0.07381549999999999,1.6853808000000001,1.9377961,0.45230985,2.9095864,0.65883684,-1.6076767,-7.789967999999999,34.216557,0.58849454,797.6468,0.33175093,1398.65,0.16168879,-161.91353999999998,-0.49317910000000004,1720.2004,0.12794225,-158.40878,-0.5042217999999999,2897.324,0.12023165,-163.12411,-0.43820587,-10.514285000000001,-0.49244425,29.834646000000003,0.40862724,0.122260645,0.17828272,-0.023276767,-0.9096784,0.87143224,15.514026000000001,0.11898633,0.013528328999999999,4.408818,2.2267206,0.086363636,0.06256236,0.31333333,0.5542011
6,27.440683,0.23526818,23.909985,25.217707,27.715522999999997,3.8055382000000004,499.2607,619.0906,88.11746,55.7443,0.35443553,0.741823,0.040787347,0.3187202,0.6319876999999999,0.59120035,4.206879,2.9136496,3.2282562,1.1547893999999999,0.03602962,1.7854703999999997,1.577135,0.60246265,3.3545737,0.8391633,-4.0364547,-2.3624197999999996,22.712616,0.76146674,931.3639,0.1839189,1241.2566,0.21580255,-149.79205,-0.58458894,1801.7811,0.099937655,-146.2979,-0.60095894,2861.6220000000003,0.091392726,-151.10312,-0.5287436,-7.588008,-0.83231795,21.454952,0.6043743,0.12697889,0.10148249599999999,-0.019263078,-0.91694075,-0.50445527,13.315192000000001,0.10952733,0.010715235,3.6789297999999997,2.0408165,0.12833333,0.07819136,0.29142857,0.25765029999999994
7,28.314591999999998,0.29545954,22.8641,24.801893,32.43459,9.57049,421.1188,677.6338,196.37624,284.30817,0.28408426,0.7563989000000001,0.05010904,0.24342573,0.5054109,0.45530188,3.8226256000000003,1.8768648999999997,2.5890844,1.1996514999999999,0.039784152,1.8811064999999998,1.5903771,0.6696964,3.6018839999999996,0.64931744,-6.48395,-2.0779448,29.962658,0.76048356,826.91626,0.31617090000000003,1306.3925,0.20916215,-139.19505,-0.6501008,1755.3029,0.13914257,-136.60541,-0.6572491,2932.9922,0.13085091,-144.40761,-0.5470927,-9.047298,-0.68972355,27.156971000000002,0.5002064,0.12614594,0.16031893,-0.017333154,-1.0850525,-3.0547174999999998,15.070425,0.10558492,0.006768835999999999,2.8649387,2.6891525,0.12152542,0.10638613,0.22999999,0.33901152
8,26.909334,0.24803755,23.120232,25.067636,27.462584999999997,4.342354,271.11307,485.93667999999997,213.50412000000003,268.55582000000004,0.34496832,0.87021786,0.046321682999999995,0.26865292,0.6116221,0.5653004,5.040227,2.9528396,3.3115675,2.064029,0.029581383,1.960598,1.5063525,0.6531279000000001,3.889685,0.52838856,-5.77684,-1.6673203999999997,34.38313,0.5612630999999999,873.5197,0.27642933,1269.5454,0.21274343,-138.64168,-0.6521534999999999,1821.8975,0.12883197,-138.01803999999998,-0.6396788,3038.6655,0.12976104,-145.79346999999999,-0.5339253,-9.793009,-0.63199556,25.145595999999998,0.46847513,0.12605597,0.13263161,-0.020132361,-0.93241626,-2.8154624,14.638606,0.103154816,0.007946031999999999,2.5533037,2.583026,0.1265306,0.09783474,0.24,0.3295606
9,28.128615999999997,0.24155936,23.69976,25.924574,31.203823,7.5040627,488.13254000000006,705.2429,283.42947000000004,484.71817000000004,0.44715074,0.77813053,0.11583049599999999,0.35660824,0.75814164,0.64231116,6.080928,3.3093717000000002,3.4693205000000003,1.7604425,0.04172729,1.7986206000000002,1.5605409,0.6759844,3.6548068999999996,0.71807,-5.8807893,-2.0523796,33.459038,0.55097604,892.9237,0.26283658,1266.4429,0.20510119,-128.45778,-0.7279368,1787.1311,0.12568219,-126.18088,-0.7328213000000001,3015.5012,0.121356174,-136.65385,-0.5835570999999999,-8.532630000000001,-0.7130535,27.050455,0.39432678,0.12646644,0.1303793,-0.014926338999999999,-1.1337478,-2.4745042,15.70108,0.11169301,0.005547693,3.0030031000000004,3.0211482000000003,0.125,0.09076527,0.19137931,0.20171206
10,26.507727000000003,0.23978764,22.235228,24.552757,27.955734000000003,5.7205067000000005,333.19696,557.9263,133.33199,186.30568,0.3190732,0.8124972,0.053515457,0.2574144,0.5559083,0.5023929,4.674716,2.6057267000000004,3.2160285,1.8552336,0.033673085,2.1529455,1.5385765,0.6704135,3.8298087,0.5473524999999999,-8.111322999999999,-1.3110332,33.87226,0.59428054,878.045,0.26799583,1238.3423,0.21291964,-141.56792,-0.6239956999999999,1834.1544,0.123893715,-141.18056,-0.6129562,3046.4287,0.11990206,-149.02803,-0.5061892,-10.042721,-0.68573195,27.191615999999996,0.45722258,0.12871939,0.13087155,-0.021243414,-0.9369451999999999,-3.2085385,15.106233999999999,0.11101054,0.00643512,2.6772583,2.710666,0.11717391,0.08272961,0.22913978,0.38236296
11,29.227943,0.26617387,23.995480999999998,25.987906,35.093403,11.097921000000001,376.39645,642.8126,161.87033,137.63379,0.28193215,0.85643697,0.045135617,0.22529475,0.46033609999999997,0.41520047,3.669439,1.8916540000000002,2.6654437,1.4933379999999998,0.05372846,1.8388573000000001,1.8295773000000002,0.6662256999999999,3.1658738,0.87910396,-2.5505388,-4.963229,30.552534,0.6780435,852.5893,0.28585079999999996,1286.9412,0.24739413,-139.78243999999998,-0.6394373999999999,1822.7108,0.13127415,-135.76332,-0.6506470999999999,2974.7769,0.12875842,-142.6691,-0.5574813,-10.14885,-0.66343117,23.237413,0.46607462,0.12658748,0.13928837,-0.022773613999999998,-0.76443297,-3.7997940000000003,13.722179999999998,0.109975815,0.0008159603,2.6891808999999998,2.9485571,0.10978723,0.09628171,0.20893617,0.27704546
12,27.382728999999998,0.2513184,23.317120000000003,25.35815,28.492335999999998,5.1752167,766.8106,1182.2349,197.0971,382.9419,0.36274245,0.9662806999999999,0.04458013,0.25695655,0.62627554,0.58169544,5.288230400000001,3.022607,3.7338855000000004,1.9439822,0.027888697,2.069928,1.6196138,0.6716418000000001,3.5257037,0.54732484,-6.937939599999999,-1.4638443,27.032495,0.7645066999999999,874.23785,0.28582028,1238.6945,0.21365479999999998,-143.96634,-0.61269504,1822.0402,0.13439079999999998,-141.59381000000002,-0.62146014,2981.8362,0.13131803,-147.76998999999998,-0.53523993,-7.6544743,-0.9228478000000001,20.40385,0.49939343,0.12894763,0.11876805,-0.015819546,-1.2264587,-1.8207555,11.827097,0.11880424,0.0054114847,2.6125627000000002,2.7313266,0.10979591,0.068228,0.23139998,0.303005
13,26.561854999999998,0.26027098,22.288256,24.836796,27.647471999999997,5.3592167,330.61404,715.31165,130.43591,101.74895,0.33783486,0.81968796,0.046845853,0.27749193,0.62981975,0.5829739,4.9610476,2.7253692000000003,3.6026665999999996,1.6781409,0.024135565,1.9008886999999999,1.5528765,0.63476926,3.7495410000000002,0.502962,-7.105081,-1.4409662,32.730465,0.5667418000000001,859.5725,0.26563093,1286.171,0.19804491,-148.61157,-0.57481056,1799.6594,0.13502842,-147.62222,-0.56661946,2993.8335,0.11842089999999998,-154.14133,-0.47848108,-10.405669,-0.65770024,29.77283,0.41471028,0.12663996,0.13299212,-0.01826137,-1.164894,-3.8776660000000005,19.10299,0.10636126,0.008362402,2.8087726,2.5828835999999997,0.10716418,0.076603375,0.2597015,0.4096375
14,27.276207,0.23429237,23.72277,25.454736999999998,28.204867999999998,4.4820975999999995,359.9599,540.5179,166.62715,275.2879,0.29676090000000005,0.8467283000000001,0.03876653,0.23881923,0.52758604,0.48881949999999996,4.492572,2.4891737000000003,3.0905175,1.8100578,0.026459515,2.0834029,1.4228395,0.6553354,4.1925,0.48532298,-6.784057000000001,-2.0522065,32.860985,0.6436821999999999,889.9415,0.25657296,1271.0021,0.22189559,-139.08574,-0.64808804,1813.3191,0.12649599,-137.21974,-0.6491737,3016.4194,0.11937592,-145.29265,-0.5383161,-9.209660000000001,-0.66221654,27.954227000000003,0.4343938,0.12892444,0.12391186,-0.013252995,-1.3697618,-2.944512,16.648375,0.10363954,0.011897986000000001,2.6083548,2.3753436000000003,0.14165288,0.10369493,0.26550847,0.4277863
15,28.20738,0.27498138,23.496643,25.308119,30.921637,7.424993499999999,527.10474,852.54254,110.01933999999999,74.0393,0.30510940000000003,0.8439379000000001,0.03804937,0.24595129999999998,0.5398611999999999,0.50181186,4.5345716,2.0651363999999997,3.1723886,1.483674,0.04139126,2.0186954,1.5789713,0.6153456,3.9334432999999995,0.46808293,-5.015242,-3.1275557999999997,30.068869,0.7187483,823.4593,0.33752373,1260.3402,0.18565896,-147.73346,-0.5783656,1769.7052,0.14318185,-144.69005,-0.5896895000000001,2952.0027,0.13273863,-151.26973999999998,-0.50101644,-9.228024000000001,-0.5366371999999999,26.509209999999996,0.38279277,0.12935436,0.121325515,-0.013418852,-1.2786886999999998,-3.7761116,16.04404,0.10535875,0.009672648,3.0634572999999996,2.5046964,0.11800000000000001,0.08888757,0.26743588,0.44596309999999995
16,26.773671999999998,0.23903373,22.918236,24.917593,27.983908000000003,5.065672,299.101,637.37714,298.53696,499.0693,0.35103416,0.83332866,0.047608122,0.2813348,0.635524,0.58791584,5.18499,2.8684685,3.9157763,2.0181430000000002,0.022957738,1.7566683,1.518534,0.6198863,3.8911445,0.5521779,-6.358606299999999,-1.5098419,31.29471,0.6698193,838.26385,0.2877402,1277.2954,0.21741194,-149.40962,-0.5661176,1798.14,0.13943896,-147.98155,-0.5646021,2991.9604,0.13503674,-154.32448,-0.4805353,-9.694527,-0.5698438,24.866042999999998,0.48162717,0.12946464,0.13124716,-0.021189295,-1.0334398999999999,-3.917934,14.974167000000001,0.112045325,0.0002850363,3.2287405,2.8714678,0.09365079,0.061626144,0.24983051,0.44812408
17,27.252789,0.23356506,23.240776,25.330013,28.289326000000003,5.048549700000001,383.02907999999996,698.2877,131.56746,115.71853,0.3425661,0.91934144,0.03906419,0.25758037,0.6026045,0.56354034,5.422750499999999,2.928105,3.7944074,2.048651,0.034381818,2.1319578,1.5027535,0.65847224,3.5561437999999996,0.6276991999999999,-6.181114,-1.9387668000000002,29.476955,0.65889925,886.3315,0.25061768,1260.1669,0.22381297,-150.88446000000002,-0.560168,1816.4261,0.12079117,-149.44347,-0.5616882,2996.3606,0.11752089,-155.45709,-0.47795278,-8.302796,-0.69938797,25.232052,0.49904913,0.12899767,0.14389451,-0.016955456,-1.2839258999999998,-3.4918349,14.666165,0.10951366,0.005551125,2.7955887,2.3369286,0.111538455,0.0918183,0.2988889,0.45154163
18,28.297333000000002,0.259872,22.97024,25.742067000000002,34.725903,11.755663,493.287,1055.4021,140.11916000000002,179.01758,0.30441532,0.8626789,0.04643986,0.2257549,0.5349602,0.48852035,4.850962,2.859314,3.1539254,1.8177626,0.032356683,1.8962926,1.7248988999999997,0.6852672,3.1945157,0.88750565,-3.5811949999999997,-3.417669,35.637337,0.5427294,884.2579300000001,0.25884274,1259.2166,0.22938219,-139.52143999999998,-0.639696,1791.5807,0.117926165,-136.84541000000002,-0.65251845,2985.3179,0.1191588,-145.4452,-0.5326161,-7.5874834,-0.9958834000000001,29.119367999999998,0.4310492,0.13066112,0.12749855,-0.010630725,-2.1323529999999997,-1.1578829,17.261264999999998,0.11175731,0.015590558999999999,2.7909427000000004,2.9039072999999997,0.10890909,0.07543022,0.21472727,0.34565799999999997
19,28.249777,0.26552603,23.565179999999998,25.376215,30.586585999999997,7.021406,348.35492,441.6644,90.02351,69.02904000000001,0.31517303,0.918492,0.03791749,0.22299021,0.5826914000000001,0.5447739,5.010199500000001,2.7579474,3.2829669999999997,1.7727977,0.03573093,2.0873392,1.6067493,0.62387276,3.8970332,0.581133,-2.6787739,-5.0690365,34.59989,0.60048497,829.34485,0.30603978,1280.5765,0.20882775,-150.46367,-0.5562794,1787.7101,0.13528886,-149.51674,-0.54721916,2991.2117,0.12625442,-155.63003999999998,-0.4662007000000001,-10.328259,-0.63067645,30.528503000000004,0.4958391,0.12603414,0.15505962,-0.022625597,-0.9032015999999999,-3.9948802000000003,18.562620000000003,0.10647589,0.0080291815,2.8194635,2.3266423,0.11666667,0.07347579,0.29839998,0.49137506
20,29.494232,0.28101906,24.099117,26.051395,32.867382,8.768265,271.62888,322.38083,167.84377,198.24913,0.3217058,0.9219778000000001,0.037716586,0.23280384,0.5860784000000001,0.54836184,5.738843,3.0851095,3.6819792000000002,2.3055854,0.035302524,1.7304580000000003,1.631312,0.6581024000000001,3.7928174,0.60821044,-6.0805798,-2.0543685000000003,35.674209999999995,0.551489,901.6171,0.24329475,1223.3997,0.21407717,-150.13516,-0.5588877,1820.3865,0.117162645,-147.39456,-0.5682828000000001,3059.2236,0.11329224,-155.24385,-0.46536629999999995,-8.561948,-0.57165855,28.445121999999998,0.40005705,0.12836689,0.12186269,-0.013584123,-1.2840303999999998,-3.1370475,18.198795,0.10807306,0.01057047,2.4720423,2.2432112999999996,0.125,0.09284253,0.30026314,0.45057559999999997
21,26.72125,0.23273055,22.85653,24.626852,27.744457,4.887928,459.48798,559.76526,151.46286,220.94727000000003,0.3210407,0.8183385999999999,0.06120742,0.25582626,0.5867624,0.525555,4.314679,2.5859294,3.1814023999999996,1.3535331,0.028290952999999997,1.9761868000000002,1.6182511999999998,0.6189587,3.485006,0.77465296,-6.7458167,-1.9949430000000001,35.71535,0.5796749,891.98895,0.25253388,1243.9660000000001,0.21229406,-146.39993,-0.58817476,1806.7546,0.1275249,-146.22546,-0.57637703,3029.6492,0.118271776,-153.99851999999998,-0.46963859999999996,-8.373575,-0.6371544,30.565426000000002,0.3947921,0.1284175,0.117773004,-0.00865714,-2.2598447999999998,-4.2852893,19.976551,0.11221249,0.010139157,2.955889,2.7803102,0.10459016,0.07715374,0.2385,0.32467327
22,29.771324,0.26119610000000004,24.606962,26.40755,35.095279999999995,10.4883175,275.68744,210.71613,218.31487,241.7815,0.34358323,0.8688024,0.08492174,0.25867423,0.5582623000000001,0.47334054,4.2057595,2.6103490000000003,3.0172276,1.7094725,0.05123771,2.0446825,1.6789308,0.56043875,3.2528286,0.7696930999999999,-1.5543883,-6.902080499999999,29.279348,0.74165624,912.29205,0.25323433,1251.5374,0.24245785,-153.48828,-0.5480199,1841.0278,0.12737398,-151.28162,-0.55208796,2947.6807,0.121079214,-156.13307,-0.48588264,-7.0138926999999995,-0.781083,21.430122,0.57142335,0.12780628,0.12381635,-0.01677253,-1.0498267,0.7005406999999999,14.596239,0.12606145,0.010889965,2.4390244,2.4497487999999996,0.09717949,0.07088989999999999,0.29051283,0.28327703
23,31.492609,0.31037542,23.43946,27.596031,37.42492,13.985458,600.0858,896.2012,276.73837000000003,216.31572000000003,0.34801844,0.73705256,0.089624405,0.3057636,0.57977104,0.49014664,4.827738,2.654121,3.6915486000000004,1.9495744,0.049700227,1.7969047999999999,1.7931622999999999,0.6297874,2.4286902,1.045269,-1.5275186,-8.4574795,33.46735,0.6792640999999999,923.04425,0.22840529999999998,1231.6104,0.21525441,-162.83185,-0.45584452,1836.8047,0.11304378,-160.49636999999998,-0.46108687,2983.8308,0.11049958,-165.38235,-0.39558128,-6.8310227,-1.0496165000000002,27.642902000000003,0.49651057,0.1275881,0.13434672,-0.017544707,-1.2780323,-0.74562156,16.692652,0.12548667,0.004359771,3.2656665,2.7122642999999997,0.07130435,0.05471700400000001,0.28177777,0.26400999999999997
24,30.041786,0.25947645,24.303337,27.028534000000004,35.650859999999994,11.347522999999999,485.65355999999997,561.58765,267.77893,462.0617,0.3335502,0.8053291,0.07465212,0.27701290000000006,0.55145496,0.47680283,4.808398,2.49178,3.5743913999999997,1.9405622,0.043062974000000004,1.6653939999999998,1.8157418,0.62157357,2.3920548,1.1521473999999998,-3.491215,-3.2834148,33.023018,0.6736589,903.0637,0.23783344,1279.1031,0.26342782,-161.67389,-0.47341645,1801.2214,0.11201618,-159.06747,-0.4837242,2980.6904,0.10563637,-163.85093999999998,-0.41841263,-7.0161796,-1.098794,28.640867,0.5054387,0.13104388,0.11754109,-0.014382856000000001,-1.5713784,-1.1468544,16.77532,0.12028674,0.0057325223,3.0008828999999997,2.6517383999999997,0.074111104,0.055134065,0.2858427,0.36580157
25,30.110064,0.22997724,24.94642,27.818965999999996,36.264194,11.317774,635.0902,896.9876,349.4087,619.0601,0.3105094,0.7418708,0.07357589999999999,0.26754227,0.51343274,0.43985683,4.5445223,2.2858508,4.2669024,1.9701993000000002,0.046919777999999995,1.4517566000000002,1.6487563000000003,0.55659777,3.6700537000000004,0.6815182,-4.282692,-2.8376248,37.860170000000004,0.50460356,968.4105,0.17732616,1274.6619,0.31677607,-138.53476,-0.6622339,1867.8665,0.1259032,-138.66226,-0.6491720999999999,3048.176,0.12688959,-146.55772,-0.54201686,-7.9271164,-0.7723088,28.969065000000004,0.38644668,0.13550457,0.11816997,-0.0060499725,-3.1070342,-0.8268812,15.625694000000001,0.12442247599999999,0.010040116,4.1301627,3.02267,0.09291667,0.06386699,0.20879999,0.20142135
26,30.753687,0.26132196,24.637585,27.607698,36.430202,11.792618,497.39294,642.91205,370.42685,636.76917,0.31185958,0.8740575999999999,0.042267807000000004,0.25084582,0.54145235,0.49918455,5.0873685,2.6544306,4.1576023,2.3554285,0.046377014,1.5199854,1.743687,0.59403014,2.6694124,1.0640393,-3.1510556,-3.8431952000000003,36.60001,0.58883303,892.5244,0.24654865,1265.8226,0.22906633,-161.02007,-0.48501990000000006,1831.1329999999998,0.12067541,-159.40643,-0.48414415,3002.8533,0.11700187599999999,-164.82492,-0.40913459999999996,-9.225054,-0.75359064,27.380684000000002,0.4441585,0.13077387,0.12573205,-0.020923017,-1.0703008999999999,-1.310115,15.000757,0.11362810400000001,0.00974708,3.0312219,2.3679419,0.08217949,0.061657604000000005,0.32389609999999996,0.48543495
27,30.385009999999998,0.2576717,25.003494,27.452690000000004,35.299183,10.295689,425.75928,670.5061599999999,396.86413999999996,706.3628,0.3365915,0.72734857,0.07078394,0.30933124,0.5545304,0.48374644,5.3585157,2.6151292,3.9384525000000004,1.968967,0.05222392,2.0982978,1.6825435000000002,0.6432141,3.2224264,0.9396836999999999,-2.9307501,-4.3563714000000004,34.799859999999995,0.57747495,878.9245599999999,0.26194322,1350.5629,0.24503903,-145.31601,-0.60726976,1821.21,0.1238377,-143.51834,-0.6047011,2971.188,0.115721084,-150.01431000000002,-0.5168839,-9.320624,-0.7101175999999999,28.714195,0.47326549999999995,0.13132101,0.13756436,-0.020533111,-1.0181788,-1.2105839,14.6277685,0.120686315,0.0060171135999999995,3.8162282,2.7478647,0.09878377599999999,0.078032434,0.25857142,0.31632844
28,30.104273,0.23356326,25.011276000000002,27.830795000000002,35.360775,10.349499,606.4617,745.8889,132.32187,87.809784,0.27340007,0.9792888000000001,0.029281658999999998,0.1840852,0.50319225,0.47391059999999996,4.158747,2.3361137000000003,3.3833379999999997,1.7081895,0.052156377999999996,2.2287276,1.6402771,0.56335735,3.916111,0.62218595,-3.5202184,-3.5176501000000004,26.337398999999998,0.71836406,810.2299,0.33522564,1365.7157,0.2001648,-155.2952,-0.53140587,1773.3138,0.14651102,-151.80995,-0.5452852,2895.5476,0.12671405,-156.15073,-0.48644835,-9.373960499999999,-0.61498135,22.664795,0.44436213,0.13236317,0.12415216,-0.022097211000000002,-0.7778537,-0.6899463,11.91888,0.10841104,0.013110955,2.456779,2.3919043999999996,0.098076925,0.07605763,0.28851852,0.5246706
29,29.494743,0.21271694,24.692415,28.089073,33.8126,9.120184,374.56347999999997,597.2710599999999,340.43457,549.8025,0.29801747,0.74012893,0.031160003999999998,0.28261158,0.52611315,0.49495316,4.4535537000000005,2.1774169999999997,3.5920498,2.103109,0.053512807999999995,1.6362833,1.7321514999999998,0.6125984,3.4582074,0.7693028000000001,-5.407362,-2.1620657000000003,30.625553000000004,0.6886605,856.4657,0.28202328,1337.9208,0.22882171,-140.57437,-0.641155,1775.281,0.10805113,-138.70343,-0.64269656,2913.8325,0.11154005,-145.00757,-0.55755264,-9.503872,-0.6020064,26.453598,0.4863452999999999,0.13444982,0.12528920000000002,-0.018485336,-1.195986,-2.5603569,16.527535999999998,0.10923354,0.006489253,3.6036036,3.1187124,0.09290322,0.074927635,0.2009375,0.32551253
30,29.3223,0.18978418,24.578056,27.58638,33.94238,9.364322999999999,245.04985,305.5804,106.94328,99.54411999999999,0.349722,0.6673703000000001,0.11183789,0.34632054,0.5554366,0.44359872,4.239282599999999,2.3354373,3.552972,2.0130024,0.040768143,1.6003903,1.7597922,0.6397385,2.7320349999999998,1.0980096000000001,-3.921872,-2.6857330000000004,29.58312,0.6309559,842.5358,0.30910066,1339.4728,0.25069326,-142.57097,-0.6348315,1759.1843,0.11146295,-139.23744,-0.6498056999999999,2917.8555,0.116629854,-145.86002,-0.5557595000000001,-8.105042999999998,-0.6093123,25.099242999999998,0.39255977,0.13159737,0.11985405,-0.014620383,-1.4799705,-2.7917099999999997,17.694677,0.11333471,0.0056540784,3.7819800000000003,3.0201344,0.09074073,0.0760568,0.21214284,0.20995505
31,34.03553,0.23022674,25.612854000000002,37.64798,40.124355,14.511501,184.91545,269.3198,231.09172,286.39066,0.2688008,1.0675446000000002,0.032833852000000004,0.17106195,0.503713,0.47087917,5.462638,3.9519894,5.142002,3.7483299,0.025677975,2.4223049999999997,1.3892704,0.6056551,5.2226725,0.6429421,-3.2499735,-2.9933388,18.61562,1.0490813,865.77936,0.23071039,1299.4506,0.22698897,-157.03496,-0.50225663,1785.2717,0.1258738,-152.42209,-0.5306858,2831.6638,0.13033275,-155.54956,-0.4881143,-6.3568335,-1.0906645000000001,18.948383,0.68359935,0.11117013,0.26507694,-0.010514097,-1.6808014999999998,1.1620706,10.505339999999999,0.09338741,0.021170814,2.5025023999999996,1.9114688999999998,0.12684211,0.110026434,0.41941178,0.5869409000000001
32,37.58932,0.06938655,36.224644,37.10671,39.393612,3.1689682,140.61314,182.24498,12.605032000000001,4.8373322,0.37092757,0.6893693000000001,0.16144243,0.3214956,0.5487787,0.38733628,4.767453,2.9137821,4.388153599999999,2.0891356,0.020523536999999998,3.8752004999999996,1.2878508999999998,0.58483297,6.872546000000001,0.5694931,2.4338791,3.9109906999999997,15.115429999999998,1.08146,731.5702,0.29503176,1395.9072,0.16828014,-63.854374,-1.3272045,1677.1044,0.12561119,-59.425909999999995,-1.3359566,2650.5503,0.10044969,-65.80206,-1.1578193,-4.339706400000001,-1.3530239,15.6505,0.8228021999999999,0.09397035,0.26835948,-0.002508521,-7.032742999999999,1.2756352,4.464894999999999,0.079658486,0.010871602,4.0057225,3.1700287,0.22272727,0.11697637,0.06913043599999999,0.06107109
33,31.677628000000002,0.23067142,23.495307999999998,35.443913,37.393356,13.898048000000001,144.89128,166.5397,80.95853000000001,111.7713,0.39252847,0.8140997,0.06844476,0.34860697,0.6501537,0.5817089,5.756308,3.1270087,3.9755852,2.5254455,0.013729046000000002,1.2105653,1.2027451,0.6176845000000001,5.934003,0.55088276,3.1213534,2.9663432000000003,23.455417999999998,0.79527885,682.71906,0.32577014,1403.4615,0.17670557,-135.31714,-0.6796682,1673.5798,0.14000654,-132.32849,-0.6826151999999999,2709.5085,0.12337283,-136.21045,-0.6272749,-8.952612,-0.7859257,19.972994,0.59344095,0.08084685,0.30101794,-0.013906131,-1.4843264999999999,-2.7093678,12.066441000000001,0.07076156,0.005862900999999999,2.2737608,1.8687330000000002,0.17829268,0.13616529,0.33634147,0.52175945
34,32.62627,0.34151998,23.927717,27.073203999999997,43.924683,19.996965,614.3063,861.5606,145.64037,94.504616,0.32748544,0.67705745,0.1081433,0.29026840000000004,0.53197324,0.42382994,4.3027062,2.3129048,2.8516846,1.4823178999999997,0.05112279,2.1810509999999996,1.6774586,0.58605045,3.5223962999999996,0.7409224,0.5289443,34.819109999999995,29.140172999999997,0.7516991999999999,844.971,0.3071087,1342.1826,0.24598412,-140.01573,-0.6352171999999999,1783.0482,0.13503347,-134.4745,-0.6580225000000001,2929.8936,0.1275301,-141.48169,-0.5625368000000001,-8.561341,-0.701421,25.137949,0.49147890000000005,0.1289238,0.13568124,-0.019642493,-1.0471721999999999,-1.6630986,15.490397,0.13225496,0.004468827,3.2872796,2.6755853,0.12696429,0.09992712,0.22228068,0.18312123
35,33.692757,0.34713355,23.493515,32.507446,45.916092,22.422577,738.41003,925.50275,145.2273,86.792465,0.33495754,0.7037163000000001,0.11365548,0.29743764,0.53824353,0.42458805,4.6073394,2.3783743,2.8967068,2.298282,0.03734373,1.4647861999999998,1.9142468999999998,0.6060588000000001,3.3786848,0.79996663,4.925819000000001,3.4309862,26.043217000000002,0.7947807,818.92706,0.3639187,1346.594,0.26502448,-144.71918,-0.59819627,1778.266,0.1360516,-138.04512,-0.62616044,2873.9893,0.1319844,-142.7582,-0.56502765,-8.17099,-0.77024037,22.258114000000003,0.39102665,0.12581617,0.15699911,-0.019317027,-1.2196655,-2.4393644,15.321341,0.122336864,0.0015591525,3.1562740000000002,3.477589,0.085777774,0.07181732,0.19357143,0.18094753
36,25.115278,0.25010106,21.10254,23.403982,27.128736,6.0261974,179.9397,165.41765,195.45123,205.64287,0.46605304,0.68816555,0.14271945,0.45690227,0.72998786,0.5872684,5.675719,3.2937174,3.9108696000000003,2.0961978,0.03910275,2.1184632999999997,1.2712073,0.6784696,3.8054025,0.5508824999999999,2.9179935,2.9492357000000005,26.965567,0.6973359,664.0948,0.4068045,1306.8921,0.17462352,-156.94551,-0.52890193,1655.3049,0.16067663,-156.80415,-0.5124834,2765.712,0.14680278,-159.83882,-0.47003347,-9.031075999999999,-0.47476992,20.339233,0.54076105,0.09504253,0.27455690000000005,-0.025081616,-0.80876285,-5.07866,15.649678,0.08385008,-0.0044785202,3.085905,2.0938025000000002,0.0968,0.054090288,0.34653845,0.57222867
37,25.440136,0.30880776,21.122993,22.887201,25.503989999999998,4.380996700000001,251.2315,202.7482,82.80141,40.787327000000005,0.49413559999999995,0.6157007,0.20567653,0.47821125,0.741081,0.53540444,5.776205,3.0129737999999997,3.6163447,1.8961668999999999,0.016444938,1.5856397,1.1209568,0.77282274,4.0036635,0.7933376999999999,4.0477147,2.864978,34.203213,0.6137714,747.8513,0.3295127,1285.4719,0.20545979,-155.93042,-0.5285521,1735.0531,0.16655251,-155.83393999999998,-0.5195494,2836.5947,0.133473,-159.27135,-0.47035384,-12.320996000000001,-0.6164818,25.531727,0.47592664,0.06797738,0.41472554,-0.021935264,-0.9036389000000001,-3.892843,14.940361,0.08625806,-0.0020544357,2.75172,1.8820578000000001,0.11033334,0.106598414,0.4141379,0.4948669
38,28.604253999999997,0.28338325,24.243353,25.825594,31.737032,7.493678999999999,406.32855,804.46173,171.1404,126.26806,0.5371398000000001,0.60007346,0.24175772,0.5104154000000001,0.8318392,0.59008145,6.702980999999999,3.7102907,4.714268,2.3045285,0.03964161,1.7609792000000002,1.5331533000000002,0.6865603,4.011538,0.527058,-3.848947,-4.136404,22.348845,0.9334674999999999,772.3269700000001,0.3709402,1323.0645,0.19349983,-147.35426,-0.59019643,1743.5905,0.16181304,-142.69194,-0.6110804,2827.8767,0.12793167,-147.0747,-0.54999256,-10.975388,-0.49797785,23.518095000000002,0.41429037,0.11567133,0.2524275,-0.028916268,-0.6072964,-6.593538799999999,15.743568,0.086105734,-0.010097722,4.0800614,2.3975253,0.118387096,0.09151403,0.28766665,0.48807570000000006
39,29.600546,0.379133,21.910729999999997,23.588324,35.43708,13.52635,929.94574,1077.774,142.47773999999998,127.54476000000001,0.44017518,0.71901846,0.09552203,0.41002299999999997,0.7289138000000001,0.63339174,5.894728700000001,2.7332384999999997,4.5095544,2.130175,0.03953667,1.5265698,1.8952255,0.6515873000000001,2.611046,1.2388363000000002,-7.1997037,-2.333264,21.0845,1.0843838,809.8109,0.3295441,1409.021,0.24617901,-164.43205,-0.44390786,1747.1052,0.1515398,-160.76935,-0.46141046,2909.3384,0.12438936,-164.5702,-0.40647182,-10.968271000000001,-0.54277444,25.935959,0.43885198,0.12574393,0.16091629999999998,-0.022848701000000003,-0.83349127,-4.264767,17.349113,0.12045268,-0.00578282,3.7819800000000003,2.3489932999999996,0.09285714,0.07225239,0.3275,0.70906186
40,36.41447,0.19506815,34.36827,36.055862,39.543617,5.1753464000000005,565.05493,776.3692599999999,137.92685,99.35247,0.3596712,0.83827776,0.08357598,0.2748325,0.6052873000000001,0.52171135,6.3670225,4.037279,4.7144976,3.0448673,0.031058988,2.0283275,1.9821673999999998,0.7312653,2.9429367,1.9574033,-1.2151678,-8.828726,12.705119,1.5038247,863.97876,0.24734582,1240.1586,0.26247188,-145.07953,-0.59518486,1791.4639,0.12494151,-140.36745,-0.6236368,2757.3594,0.10996322,-143.52684,-0.58085346,-2.5224156000000004,-2.4588273,14.928592000000002,0.71371067,0.10834059,0.28001702,0.00012799766000000002,141.61287,0.7532631,7.905320599999999,0.117221765,0.015441274,2.9595666,2.0885549,0.1388,0.15926883,0.3135294,0.34643745
41,31.272894,0.33216690000000004,22.54025,26.018257000000002,41.262572999999996,18.722322,734.9841,786.55505,238.95447000000001,298.76507999999995,0.34941062,0.7490374,0.11102924,0.2802073,0.59606147,0.48503223,6.2380830000000005,3.3712626000000006,4.7653365,2.3623222999999998,0.036266215,1.4428865,1.9644113999999997,0.6593541,1.5237026000000002,2.1190984,-1.2577842,-12.645023,14.829298000000001,1.3535551000000001,940.95135,0.1936483,1043.4825,0.2571259,-167.42819,-0.4114773,1873.6609,0.10655142,-165.80923,-0.41956398,2881.7764,0.09178665,-168.21701000000002,-0.38756898,-4.465546,-1.839418,17.655767,0.6832752,0.12684847,0.16086684,-0.012123941000000001,-2.3714616000000004,-0.35585952,10.831901,0.12756425,0.009791395,3.5356905,2.610442,0.06410256,0.044762507,0.30605263,0.33365238
42,31.67355,0.3334216,23.696854000000002,25.883454999999998,40.7305,17.033646,789.4002,881.337,172.30252,143.3717,0.38402608,0.73895335,0.14073186,0.32392046,0.5963105,0.45557863,4.63112,2.6726572999999996,3.3068674,2.097331,0.041945074000000006,1.6656166000000001,1.6813874,0.56314635,3.2391520000000003,0.847392,0.23912020000000003,77.04688,25.538427,0.7515818,864.18396,0.2930729,1335.7245,0.23163007,-132.56464,-0.69162655,1779.6736,0.13941692,-127.20812,-0.7139406999999999,2922.7290000000003,0.1264083,-134.3219,-0.61524695,-7.523105999999999,-0.7298718000000001,25.43166,0.47628180000000003,0.12649979,0.1263836,-0.013281129,-1.2671754,-2.6310766,16.09889,0.12693797,0.0044410555,2.7702963,3.3153434,0.11209302,0.092259936,0.16930233,0.12994444
43,33.177284,0.36433333,22.913598999999998,26.177564999999998,49.290478,26.376879,448.01178,716.8369,210.74261,252.69554,0.33123544,0.6422551,0.13031821,0.29266673,0.5317283,0.4014101,4.256482,2.0484247,3.1812188999999997,1.554627,0.04735209,1.4980278999999999,1.8374692,0.55183333,2.8971405,1.0592813,-4.0183153,-5.7839,22.490692000000003,1.3187883999999999,837.0151,0.32802802,1317.095,0.277513,-148.84448,-0.5522281,1768.3782,0.14129253,-143.72337,-0.57984954,2913.5105,0.12559862,-149.44398,-0.50242805,-8.439792,-0.7942991,24.365953,0.45274743,0.12832624,0.1354322,-0.014375686,-1.4530061,-3.2420424999999997,17.709269,0.13092488,0.001990079,3.4839599999999997,3.2157676,0.089999996,0.06850163,0.20988764,0.17070572
44,32.30644,0.32875615,22.194886999999998,32.23298,40.315426,18.120539,370.08746,255.67533999999998,265.04218,270.4516,0.27515373,0.8878335999999999,0.05463545,0.18545844,0.5206791000000001,0.46604365,4.229863,2.4026601000000003,2.8419745,1.1261176000000002,0.07543322400000001,1.6414331999999998,2.2194276,0.5869156,2.8148107999999996,0.8651698,-1.741039,-11.805933999999999,23.57836,1.0799787,752.5924,0.40761694,1253.3048,0.22694178,-171.92076,-0.38294459999999997,1726.2998,0.17364037,-162.11751,-0.45363919999999996,2856.402,0.13980478,-166.14368000000002,-0.39823315,-8.611852,-0.7813737,21.030079,0.30686545,0.12611362,0.13148431,-0.014301102,-1.1791999,-0.9546418999999999,11.888994,0.114094615,0.011281583999999999,2.3779726,2.0151133999999997,0.0975,0.06446898,0.3775,0.31097627
45,31.216927000000002,0.34104535,21.153984,31.464440000000003,40.187138,19.033154,579.14355,624.39703,198.18732,170.35724,0.29549485,0.84345615,0.075379714,0.21797518,0.51014996,0.43477023,4.1270866,2.7128313,2.6906377999999997,1.789836,0.054814222999999995,1.7164664,1.9348425999999999,0.57579345,2.5600054,1.1482671,-3.580967,-4.690532,32.84605,0.665959,848.5765,0.3131297,1271.0565,0.20824926,-146.6835,-0.5825961,1818.484,0.14478648,-143.21469,-0.5935632,3014.4316,0.13646963,-150.3466,-0.4978363,-10.199083,-0.7738217,26.707876000000002,0.42584127,0.12498256,0.12650467,-0.018003751999999998,-1.0130093,-3.7493122000000003,17.634829,0.11828706,0.007971647,2.4297285,2.7220633,0.10368419999999999,0.07205338,0.23931034,0.19823237
46,33.518623,0.32707990000000003,22.280748000000003,32.9737,41.076553000000004,18.795804999999998,391.63754,390.81387,206.94482,153.06491,0.3234054,0.87631655,0.061634145999999994,0.2714083,0.51190096,0.45026679999999997,3.8574271,2.6050966,2.7225456,1.5152161,0.06205016,1.3811271,2.0542946,0.536941,2.8800343999999996,0.9310687,2.5444179,7.011245,40.141212,0.5117728,915.96094,0.25186515,1254.3013,0.19872196,-143.7463,-0.6022736,1855.0339999999999,0.13759947,-138.99559,-0.61538017,3065.8833,0.12519278,-147.80594,-0.49971822,-9.892549,-0.639742,29.556833,0.4056451,0.12273793,0.15120685,-0.014682427,-1.1375437,-3.4300800000000002,18.897839,0.10986136,0.008380594,2.354326,2.3063276000000004,0.1379487,0.09411339,0.27894735,0.16707689
47,32.549296999999996,0.38513884,21.284824,27.232329999999997,51.927513,30.642689,850.51636,1053.4067,159.06951999999998,155.36842,0.34551308,0.8598266,0.06483368,0.26940253,0.57836103,0.51352733,4.0718718,2.1132317000000005,3.4493494,2.4282296000000003,0.040940877,1.4267265,1.8987433999999996,0.5499423999999999,3.3476002,0.89517456,-5.136321499999999,-3.5508192000000003,30.552626,0.7254472,839.16766,0.31043684,1300.875,0.23190314,-151.58745,-0.53282684,1794.9806,0.14195092,-146.06976,-0.5576365,2961.8135,0.12503137,-152.5845,-0.47273412,-10.025079,-0.8161913000000001,28.974007,0.43829745,0.123500764,0.13191284,-0.018763586999999998,-1.0957558,-5.5884323,21.452803,0.11450514,0.0009991061999999999,2.2809124,2.5671880000000002,0.1128125,0.08827282,0.27316666,0.22954658
48,27.028847,0.31455624,21.403969,22.780796,32.66985,11.265881,615.41187,903.7304,103.39268,108.101074,0.32072285,0.7526304,0.08310124,0.28108963,0.5075227,0.42442146,3.6291955000000002,1.9242761999999998,2.8356717000000002,1.6638217,0.038245574,1.8316133999999997,1.6811072,0.715661,2.2867875,1.8618417,-9.604991,-1.243367,25.73248,0.7611103,812.21234,0.33405334,1334.6960000000001,0.22936910000000002,-144.6917,-0.59335005,1784.8036,0.1546905,-142.29932,-0.5949526999999999,2926.6584,0.13970405,-148.42741,-0.5111899999999999,-9.990538,-0.6593098000000001,27.020271,0.4595218,0.12606728,0.14036652,-0.020230511,-0.95130485,-6.072198,20.154,0.11703394,-0.0004011662,2.6329648,2.908514,0.11,0.093283534,0.21345454,0.19514301
49,29.110212,0.3486335,20.479,22.682251,40.076126,19.597126,359.1962,401.2578,232.94412000000003,181.7468,0.3263191,0.96114403,0.07137289999999999,0.22595088,0.5342233000000001,0.46285042,4.3756010000000005,2.6556256,3.2249851,2.3936126,0.039790727000000005,1.6016982,1.7772487000000001,0.5997029,3.3143795,0.6538746,-4.089955000000001,-5.0727043,32.110485,0.8094376999999999,776.1502,0.33665928,1323.7441,0.18277587,-159.0046,-0.49666524,1757.0225,0.14701098,-155.91768000000002,-0.4993045,2950.4956,0.12427281,-161.43726999999998,-0.42688242,-13.959311499999998,-0.5708795999999999,34.965096,0.3957854,0.13069025,0.13469638,-0.026874112000000002,-0.79809546,-5.5282089999999995,22.971529999999998,0.12181069,0.00011344476,2.6891808999999998,2.446675,0.08948718,0.08628958,0.2905,0.3103945
50,31.311141999999997,0.38878104,21.02231,24.883791,44.231895,23.209585,651.2029,555.3214,234.10724,310.0024,0.23103951,0.9640261,0.05663597,0.15736116,0.36044043,0.30380446,2.9379442000000004,2.2063856,1.9930923999999999,1.6137373,0.045223365999999994,1.4254129999999998,2.0768702,0.55653924,2.7036307,1.3745903,-0.6131302,-28.671333,32.678864000000004,0.681578,892.3473,0.26927870000000004,1319.5564,0.30781403,-156.69533,-0.5033343,1824.6704,0.1293435,-155.25104,-0.49705959999999993,3002.9475,0.12226026,-160.71118,-0.42210197,-10.254233000000001,-0.6983401,27.068754,0.39750603,0.12520586,0.14843011,-0.016084688,-1.2027487,-6.1097779999999995,20.590020000000003,0.11193742599999999,0.003916671500000001,2.2022022999999997,2.5176234,0.094799995,0.06980659,0.29375,0.23124324
51,35.097576000000004,0.35732326,20.934910000000002,32.277504,52.407959999999996,31.47305,1051.9725,1130.7572,161.15805,129.71059,0.24532229,0.8267705,0.06687939,0.21644633,0.38546909999999995,0.31858972,3.4297247000000004,2.2256756,2.0692303,1.888585,0.04594382599999999,1.0812129,2.0395396,0.47809157,3.3338778,0.8483574,1.6901081999999998,10.855322,32.636074,0.61743015,805.1071,0.32657233,1343.4712,0.23070596,-170.27167,-0.39441675,1811.6091,0.1694514,-162.3325,-0.44104442,3011.0193,0.13181123,-166.85872,-0.37877882,-11.369045,-0.49293643,29.355946000000003,0.29067588,0.13008426,0.11068807,-0.022807302,-0.5566734999999999,-8.345761,25.263277,0.11848807,-0.008898778000000001,2.5041738,1.8518518,0.10909091,0.11317360000000001,0.3758333,0.28695115
52,31.737999,0.29329535,24.414747,27.498032000000002,39.5759,15.161154000000002,442.55008,452.48187,106.35803,94.22957,0.42750916,0.95404965,0.068774424,0.29067078,0.79918385,0.73040944,8.662864,4.808416,5.250970400000001,2.7144165,0.028757684,1.1792896000000002,1.8116577,0.5403680999999999,2.2411656000000004,1.540778,2.2274811000000003,7.7265825,25.12063,0.88563263,931.2330000000001,0.28909767,1151.4517,0.29745114,-169.41522,-0.4110751,1914.5587,0.14270220000000003,-166.82335,-0.42502302,2974.6804,0.1288098,-169.95638,-0.38049078,-4.9353905,-1.0565958999999998,17.766911999999998,0.6170336,0.12166627,0.14079486,-0.008740305,-2.0083735000000003,-3.0355522999999995,12.8925495,0.11589937,0.009564389,2.911738,1.6453383000000001,0.103333324,0.10583006,0.45842105,0.6328071999999999
53,37.823383,0.17866163,34.973743,36.8056,39.84454,4.870796,288.99545,233.95581,220.45311,232.58892999999998,0.33418354,1.0639326999999998,0.039828703,0.21041913,0.60469425,0.5648655,7.4105669999999995,5.7181644,5.275616,4.7724910000000005,0.01893555,2.3083904,1.5308623,0.65534365,5.8034344,0.76753896,-1.153399,-8.505477,10.744658,1.7956026000000003,791.98035,0.2916901,1291.775,0.26417637,-148.90266,-0.5602531,1706.5436,0.12106385,-141.10828999999998,-0.6166461,2659.7898,0.10429154,-143.7609,-0.5803933000000001,-2.8980792,-2.5733397,13.210447,0.97170794,0.09499008,0.27249542,-0.0045364155,-3.0988187999999997,1.9369154999999998,7.0405335000000004,0.086788714,0.017746774,2.6447463,2.0086082999999997,0.14107142,0.15297851,0.33607143,0.47216323
54,39.792004,0.28892595,27.213274,38.39213,52.40452,25.191244,699.7389999999999,817.8756,219.54814,270.30237,0.39831507,0.8674504000000001,0.043880828,0.32813087,0.6836936,0.63981277,6.9046009999999995,3.7425506,5.798668,3.6144797999999994,0.046883445,1.5114716000000001,2.248528,0.5924169,-0.19598672,-20.665916,-2.163282,-8.377765,-2.475489,-8.977273,970.21106,0.11310810000000002,894.2882,0.33301488,-154.59222,-0.52307963,1948.1914,0.06540395,-145.36588999999998,-0.5970628000000001,2789.1917,0.057108764000000006,-146.94272,-0.5745526,4.809268,1.5961003,1.4099076000000001,6.861269999999999,0.10711486,0.22218335,-0.0043830224,-5.1975555,5.9768066,1.3614723999999998,0.08897184,0.020501441999999998,3.119482,2.892562,0.08285714,0.060508054000000006,0.25234044,0.6218716
55,29.747103000000003,0.27578145,24.636657999999997,26.495918,34.114536,9.477879,208.48657,170.72897,242.18907000000002,264.73785,0.3247605,0.68053204,0.11629173,0.28505263,0.54379576,0.42750403,4.609332599999999,3.0712797999999997,3.2847178,1.553284,0.05534618,1.9763799,1.6516110000000002,0.6284168000000001,3.203375,0.72058666,-2.1380467,-7.7793922,29.974315999999998,0.66199434,894.8807,0.2607567,1255.5571,0.22117867,-127.72269399999999,-0.7548375,1807.3816,0.12963195,-123.89464,-0.76313686,2970.5879999999997,0.12642509999999998,-131.96605,-0.641968,-6.6836867,-0.6415154000000001,24.227713,0.47835356,0.12926106,0.12940505,-0.010402647,-1.5228483999999998,-1.8576968999999997,14.886726999999999,0.13085522,0.006248742,3.669725,3.0988276000000003,0.12135135,0.08702787,0.18081081,0.18675576
56,32.040465999999995,0.30245209999999995,24.234026,27.504741999999997,40.822315,16.58829,419.0597,517.63324,166.66716,108.0546,0.37340957,0.69631314,0.12465832,0.31957975,0.61885524,0.49419692,5.069492299999999,2.9796736,3.6464449999999995,2.1576412,0.054159865,1.7476703000000002,1.7590096000000002,0.55998814,2.3115382,1.6387589,-1.924204,-8.488956,26.65154,0.79999936,932.1234,0.23908001,1322.3182,0.27597967,-134.57402,-0.6662331,1817.4375,0.12746234,-130.55597,-0.6903193,2947.8926,0.11705729,-137.53374,-0.5922835,-7.081142999999999,-0.672642,22.76256,0.47067794,0.129857,0.13219905,-0.01779235,-0.96144515,-2.7946932,14.400619500000001,0.12693809,-0.0015821733,3.0025022,3.0150754,0.1125,0.09880888,0.1986111,0.1683441
57,39.95798,0.27727997,27.838737,40.594124,52.103912,24.265175,511.33187999999996,571.5387,283.1604,241.6157,0.32421198,0.95977914,0.052240808,0.24360929999999997,0.5282758000000001,0.47603497,6.8528332999999995,5.305625,4.1841784,2.7748244,0.043516766,1.8692153000000002,2.2919116,0.49754426,0.12526056,29.431904,-4.932291,-2.8893464,-6.248691,-3.7913349999999997,994.3704,0.12461758,792.164,0.39749864,-166.19637,-0.42525187,1971.5492,0.07013900599999999,-157.97375,-0.5020385,2819.8008,0.063827164,-159.01173,-0.48691213,7.349213000000001,1.2685541999999999,1.8051938000000003,7.5638375,0.10467459,0.23107123,0.0022703172,11.525160000000001,6.527485400000001,1.187712,0.10201125,0.018696554,2.6891808999999998,2.5721457,0.06926829,0.052563097,0.29902437,0.43366736
58,29.919184,0.2562059,24.326992,26.461082,35.81743,11.490437,294.9137,305.11572,116.91378,88.86621,0.49967870000000003,0.67014784,0.17953649,0.4518763,0.7651732,0.58563673,5.7579117,3.1661935000000003,4.481313,2.592215,0.049721003,1.6752790000000002,1.5676583999999998,0.62377405,3.4795697,0.7054999,-2.3923256,-5.792471400000001,30.382146999999996,0.6643256999999999,853.87,0.29055265,1338.9286,0.23303361,-108.94998000000001,-0.90981644,1803.0846,0.1432954,-106.60136999999999,-0.90458655,2953.7441,0.13735965,-116.62426,-0.7448793,-9.136374,-0.60632247,24.324928,0.37747428,0.13262643,0.11417716,-0.024989202999999998,-0.7631813000000001,-4.365121,15.984129000000001,0.13134803,-0.002510529,3.7531276,3.6043589999999996,0.123953484,0.09738774,0.1395122,0.11049668
59,32.087696,0.30308908,23.080067,29.851757,40.341362,17.261295,354.4338,334.81003,212.11847000000003,158.3503,0.31367052,0.7454527,0.0979171,0.2747918,0.49055129999999997,0.39263418,4.5019290000000005,3.3878263999999993,3.3041117,1.7239408,0.058142575999999994,1.4277252,2.1509857000000006,0.54621506,1.9856523000000001,1.6923207999999998,-1.7245317999999998,-9.387747000000001,24.325226,0.9914987,935.166,0.24556594,1221.2025,0.26082078,-146.21594,-0.568045,1801.9482,0.120063536,-141.2013,-0.60714734,2927.1553,0.11505453,-147.27974,-0.5254664000000001,-5.722569,-1.3750132,24.644981,0.59787744,0.12948123,0.15248714,-0.010414616,-1.7343317999999999,-1.8039949,14.211944,0.11933094,0.0048059425,3.4689794000000003,3.3467202000000005,0.0854,0.05828242,0.19219999,0.2535215
60,31.191788,0.18709432,25.573393,28.027604999999998,37.442856,11.869463,48.779635999999996,44.91957,167.15218000000002,272.77655,0.6888064,0.8104901,0.11879152,0.54803663,1.3310535,1.2122619,9.449561,5.917304,6.854706299999999,4.305751,0.0196145,2.0336056,1.1170415,0.64600265,5.6405535,0.5645649,-1.3480853000000002,-6.446956,21.780207,0.92872393,845.6918,0.2665564,1351.9817,0.24625619999999998,-104.60696,-0.9797779000000001,1772.2408,0.13810967,-102.280334,-0.96489877,2822.341,0.11524191,-109.65473999999999,-0.8350965,-6.5692735,-0.7763908,21.947298,0.64792335,0.09793768,0.21214396,-0.014578619,-1.2093530000000001,-1.6793752,11.919089,0.08769917,0.0066087074,3.2960565,2.0070837,0.23294117,0.15110435,0.23799999,0.36550390000000005
61,27.075117,0.25807482,22.11731,25.461964000000002,28.087576000000002,5.9702663000000005,431.7637,411.11356,90.68072,63.75533000000001,0.6348654,0.8775036,0.10615605,0.45483875,1.2852712,1.179115,9.862554,6.5380215999999995,7.1735463,5.67927,0.020962111999999998,1.9797136999999998,1.337833,0.6488368,3.7496336,0.5014473,-3.7414515,-3.4569678,22.965015,0.85264575,851.55145,0.28991696,1288.0072,0.25277674,-140.18816999999999,-0.6477999,1790.9353,0.13981569,-138.93617,-0.6400311,2879.263,0.12152281,-143.99796,-0.56992,-7.282389599999999,-0.6310024000000001,22.161120999999998,0.542151,0.10886089,0.22554502,-0.018878007,-0.9676698,-2.6332185000000004,13.818961999999999,0.107185766,0.0036757278999999996,3.0448022,2.7027028,0.11096774,0.10075056,0.23507936,0.29567719
62,34.964420000000004,0.34775359999999994,21.387844,33.224533,49.62267,28.234825,698.2712,753.87067,195.89207,149.48963999999998,0.2900219,0.9398931,0.042619485,0.20219932,0.5231017,0.4804822,4.169037,2.3201866,3.0362430000000002,2.1329667999999997,0.05194721,1.5582112,2.1032547999999998,0.53705883,2.7603025000000003,0.9894963999999999,-2.1192092999999996,-9.468028,29.859293,0.8161073,896.74963,0.28469703,1256.9236,0.2603679,-156.19961999999998,-0.5004462000000001,1829.6482,0.13705404,-151.19527,-0.52134806,3001.1820000000002,0.13036625,-157.76658999999998,-0.43741414,-8.78393,-0.84451574,28.483156,0.42662746,0.12468303,0.13974763,-0.016636295,-1.368013,-4.479268599999999,19.490456,0.11270098,0.00636386,2.218356,3.0963802000000005,0.07704225,0.071353,0.24953124,0.21955511
63,31.889967,0.3267812,21.728424,32.460654999999996,40.115902,18.387478,562.1823,644.1477,156.69588000000002,174.5861,0.3248767,0.83002603,0.06138277,0.25680783,0.5556849,0.49430215,4.4124537,2.4172683,2.7324827000000003,1.6547456999999999,0.06279353,1.7285824,1.8527638,0.5917573,2.414927,1.1152222,-3.6367629999999997,-4.8703403,32.67243,0.6894846,892.347,0.27624738,1255.947,0.23521243,-144.01543999999998,-0.5953246,1811.4698,0.12634784,-139.82448,-0.61781085,2974.3579999999997,0.11802035,-147.77525,-0.5114781,-7.341779700000001,-0.95020574,29.500729999999997,0.44210200000000005,0.12559429,0.13390028,-0.012105132,-1.8894128000000001,-4.003632,20.587906,0.116656154,0.007210178,2.313223,2.6299312,0.12,0.09465476,0.24851851,0.18337788
64,37.83148,0.30796525,24.8297,35.521374,51.921112,27.091412,722.3936,784.3849,264.2172,309.40894,0.3750126,0.8669923,0.09467877400000001,0.2894946,0.6037318,0.50905305,5.8135037,3.2342734,3.8257133999999997,2.8968775,0.044684075,1.3667575,2.1772373,0.522111,2.7373104,1.0577538999999998,-0.8725619000000001,-21.193108,29.748291,0.7472411999999999,915.0179,0.24252698,1312.5927,0.26185754,-170.74461000000002,-0.39103436,1827.3107,0.1373853,-166.30038000000002,-0.41216555,2995.7974,0.11823053,-170.0271,-0.35984576,-10.016902,-0.7111714,26.966883000000003,0.44318694,0.126127,0.13861673,-0.022420472,-0.8894908000000001,-4.2007723,18.992647,0.12591092,-0.0016823566,2.6677783,2.6315792,0.06333333,0.044933803,0.30096775,0.35119477
65,27.830462,0.22130802,24.76504,25.852585,28.051794,3.2867546,387.05045,755.4047,126.86681000000002,124.8068,0.8554487,0.6921635,0.14550051,0.91771793,1.4496622,1.3041617,11.332034,5.9572883,7.933639,4.8022475,0.033641137,2.1237836,1.302433,0.6655591,3.5904653,0.55327827,-1.843704,-5.5467477,22.899051999999998,0.8032143,894.26855,0.25755429999999996,1250.432,0.24049129,-117.61133600000001,-0.8428305,1823.0104,0.142905,-116.94381000000001,-0.83112264,2864.8308,0.12520373,-123.53613999999999,-0.7304243,-6.737841,-0.6585201,20.92698,0.58692443,0.1083718,0.17901275,-0.02045348,-0.80405253,-1.6172254,12.89967,0.11268441400000001,0.0051086643,3.2648764,2.64131,0.1496,0.14284202,0.22127658,0.39534858
66,24.999708,0.22209074,22.305912,22.720215,23.657288,1.3513756000000001,191.46808000000001,236.87912000000003,137.76057,68.40594499999999,0.25529120000000005,0.7045823,0.093609974,0.22016372,0.41980356,0.32619357,2.0865138,1.0941745,1.8339313000000002,1.2782153,0.07290907,1.7263438000000002,1.3725208,0.61430144,4.353667,0.30770162,-7.234226,-1.7363488999999999,22.078210000000002,0.8302375,903.945,0.24317797,1340.142,0.32607659999999994,-138.92426,-0.5962249,1760.9454,0.11190964,-138.02812,-0.5842268,2968.7874,0.09207575,-144.91557,-0.50094527,-9.41579,-0.90310466,30.284567,0.39729267,0.12165802,0.115347855,-0.0043761134,-4.875311,-7.991387400000001,23.860281,0.12092304,0.004267216,3.0150754,3.6082475,0.12,0.07782765,0.11875,0.10564533599999999
67,30.804329,0.32757384,21.918097,26.324799,39.644855,17.726759,528.4537,609.71857,169.55864,116.49451,0.32819766,0.8499684999999999,0.07317909,0.25339028,0.54236794,0.46918884,3.8602211000000004,2.2607977000000004,2.8940627999999995,1.9595919999999998,0.060559954000000006,1.8203331000000003,1.8276932000000001,0.63825935,2.3051662,1.5086190000000002,-6.8577223,-2.7537298,30.04709,0.71455914,924.2569599999999,0.24348806,1316.9568,0.31915140000000003,-153.18626,-0.529134,1831.4683,0.14014402,-150.04688000000002,-0.54662174,3012.6345,0.123537205,-156.51001000000002,-0.45797765,-7.638197,-0.74133027,31.243832,0.37704733,0.1282966,0.11975056,-0.009502023,-2.076796,-3.4432476000000003,20.482147,0.11835836,0.010758936,2.4556617999999997,2.3701005,0.11173076,0.097343974,0.2952941,0.2935406
68,36.628803000000005,0.05971175,35.158424,36.36784,38.31893,3.1605072,92.19227,118.74738,12.729108,8.340667,0.29034042,1.3141598,0.020784719,0.15181070000000002,0.48029912,0.45951440000000005,8.107911,6.6320844,6.42901,5.4797519999999995,0.010984457,1.3652152,1.1299607,0.59463483,7.530611500000001,0.46218646,2.919421,3.2412796000000004,12.287725,1.0682181,739.306,0.34417868,1388.3428,0.16239154,-139.00307,-0.64259815,1679.6166,0.13936655,-131.21802,-0.6870991999999999,2621.1145,0.11051751,-133.02846,-0.66146725,-4.817796700000001,-1.3803433999999999,13.550185999999998,0.8476104999999999,0.08874346,0.23952112,0.0013578642000000001,10.356689,-1.9088268,9.043559,0.07629266,0.012847846000000001,2.3023024,1.2084593000000001,0.2925,0.20656416,0.515,1.0250162
69,32.42843,0.12000163,28.943820000000002,31.885788,36.343006,7.399185000000001,100.73414,120.45103,11.1935425,11.661761,0.192089,0.7558396,0.05500129,0.16065419,0.3095119,0.25451060000000003,2.9594214,1.373724,2.0526948,1.0642605,0.019810917,1.4272985,1.4294136999999998,0.64222914,5.937507,0.5986244000000001,3.591303,2.9011183,20.683353,0.72482616,746.5948,0.36544266,1226.6407,0.21620044,-118.96954,-0.7723741,1784.1318,0.16150394,-113.33533500000001,-0.7925506,2784.0518,0.11474799,-116.34726,-0.7463879,-8.602210000000001,-0.7531104999999999,16.116241,0.53501594,0.094400086,0.22730947,-0.008304887,-1.7907892,-4.7490706,11.099534,0.064024255,0.014333884,3.2904150000000003,3.314121,0.12826087,0.09849529,0.1526087,0.15995155
70,29.207047999999997,0.09100426,27.156864000000002,28.89945,31.022177000000003,3.8653126,155.70541,206.8951,33.364709999999995,34.098007,0.22562674,0.7161946,0.08062477400000001,0.18475361,0.34789458,0.2672698,2.825312,1.529722,2.344416,1.5113895,0.019475807,1.8284852999999999,1.3406263999999999,0.662058,5.008287,0.48676977,2.5294735,4.0326095,19.7354,0.7726947,741.75226,0.39934444,1225.6473,0.23608646,-103.02956,-0.9348120999999999,1743.4429,0.18180768,-99.465775,-0.95014167,2777.312,0.122793704,-103.464554,-0.8782029,-7.4493556,-0.77376956,15.194120999999999,0.6317425999999999,0.08511525,0.27540272,-0.006166702,-3.229372,-2.665953,9.838565,0.08245212,0.0148964925,3.3907726,2.9559398,0.16283017,0.12311027,0.15826923,0.14977832
71,31.490692,0.32268092,25.640715,27.244728000000002,40.300509999999996,14.659796,891.19415,986.9117,271.33224,462.5557,0.25116679999999997,0.9796513000000001,0.05820138,0.17539470000000001,0.39747150000000003,0.33927009999999996,4.257709999999999,3.5457034,2.6097387999999997,1.7323066000000003,0.022656824,1.288376,1.5808886999999998,0.6706425,4.2192354000000005,0.61001265,0.6091818,24.161139000000002,22.958612,0.89204514,823.41187,0.32347623,1264.0228,0.21551038,-148.6749,-0.57583207,1780.2633,0.14905510000000002,-144.8842,-0.5895625,2873.2644,0.120960735,-148.88858000000002,-0.53588295,-9.021742,-0.63916934,22.405563,0.56134826,0.10507435,0.25525585,-0.015191936999999999,-1.3095902,-2.7468207000000002,13.858067000000002,0.10657331,0.0059080585,2.30535,2.4847429,0.10526315,0.07834036,0.2768421,0.4690833
72,31.974663,0.36035362,21.161755,30.3042,41.99125,20.829494,976.28,1044.6119,217.31837000000002,125.32059,0.29428414,0.8102020999999999,0.058687333,0.26333216,0.47477075,0.41608343,3.683954,2.174923,2.936112,1.9295282,0.05763261,1.4845253,1.8213922999999999,0.5642691999999999,2.904487,0.94263333,-4.0066565999999995,-7.1595070000000005,23.891478,1.3979998,808.6334,0.34589985,1253.5612,0.18927552,-146.05719,-0.57632446,1787.2122,0.14908397,-138.98164,-0.61095876,2939.2039,0.13510963,-145.75371,-0.5222285,-10.55595,-0.6089648,24.525814,0.44854072,0.12819295,0.13509479,-0.022371232999999997,-0.83879304,-4.874769000000001,16.542475,0.11292423,0.0015792570000000001,2.5020852000000002,3.2663317000000003,0.09564102,0.095536135,0.205,0.1680691
73,33.621143,0.3609555,21.525229,32.333134,51.770794,30.245565000000003,681.6687599999999,833.3223,214.6827,183.58882,0.39736402,0.77323043,0.110004395,0.3265252,0.6492345,0.5392300999999999,5.0014095,2.6756427000000005,3.8164814,2.3616915,0.057165972999999995,1.7704488,1.9636770000000001,0.53118485,3.1354203,0.8234408000000001,-3.3578546,-5.14487,28.979315000000003,0.8455883,794.3387,0.32941127,1283.2135,0.20184574,-156.54516999999998,-0.50593066,1770.215,0.14557195,-149.81387,-0.53758186,2922.1313,0.12720321,-155.57324,-0.46192682,-11.683098,-0.6701865,27.668121000000003,0.39625573,0.122491725,0.13724299,-0.021477446,-1.0208,-5.592343,18.78665,0.120826125,-0.0017320391000000001,3.0381622000000004,2.7097254,0.09301369999999999,0.074313015,0.26999998,0.21605822
74,31.062199,0.40250474,21.222176,22.071539,43.296192,22.074017,723.68085,520.2548,187.68808,129.6516,0.25176662,0.8037406,0.055424087000000004,0.19664949999999998,0.43756074,0.38213664,3.9347556000000004,2.5795524,2.4819657999999998,1.2549525,0.05574590000000001,1.8948474999999998,1.5676128,0.59134156,3.7831599999999996,0.5984049,-2.7623365,-7.847960499999999,27.840239,0.8866523999999999,830.7758,0.3281953,1268.3665,0.18121228,-166.15964,-0.42044609999999993,1812.5054,0.15566038,-162.70615,-0.43377894,2969.9426,0.13387175,-166.91885,-0.37913525,-11.419665,-0.47133535,27.626990000000003,0.43912768,0.1267092,0.13041216,-0.017309638000000002,-1.03104,-6.423029,20.263542,0.12049831400000001,-0.0014206504,2.9014509,2.4573722,0.083061226,0.08340225,0.30958334,0.42432770000000003
75,33.285579999999996,0.32792348,23.258915,31.823278000000002,44.164993,20.906078,443.2066,509.4631,247.94946000000002,288.36676,0.43183180000000004,0.67707986,0.16348788,0.3678136,0.6827846,0.51929677,4.874975,2.9577124,4.159778,2.0421023000000003,0.0511628,1.4708431,1.8392230999999999,0.5223644000000001,3.1093342,0.9898985,-1.0726242,-16.309032000000002,26.16893,0.7934128,830.86816,0.34028155,1323.6089,0.22129393,-146.10793999999999,-0.58014405,1769.2242,0.16026732,-138.097,-0.62223864,2916.0498,0.13068339999999998,-144.59001,-0.535856,-9.922873,-0.57722527,24.556060000000002,0.41790435,0.12580326,0.14140362,-0.021251341,-0.8023608,-4.03452,16.629122,0.12938584,-0.006033116,3.6414565999999997,3.3680835,0.09154762,0.0709375,0.193875,0.17542441
76,30.418540000000004,0.33123535,22.703598,25.313932,40.358917,17.65532,767.4212,944.64,150.06895,210.39664,0.32821843,0.6495023,0.122810155,0.30787387,0.54220843,0.41939828,3.7559373,2.0587158,2.2436632999999997,1.1058351999999998,0.06672235,1.859156,1.6326903999999998,0.55301225,3.0429149,0.8146916000000001,0.63881373,24.555262,26.720684000000002,0.7076901999999999,851.04724,0.31576288,1415.3912,0.24552652,-122.52460500000001,-0.787655,1763.5725,0.15572397,-115.7293,-0.8292824000000001,2934.9038,0.13401406,-124.28536000000001,-0.69758105,-10.613747,-0.56453395,25.947229999999998,0.36835447,0.12801582,0.13815138,-0.0191674,-0.7720126,-2.5728470000000003,16.173560000000002,0.13111158,0.005267017,3.2258065,2.4608502,0.17636363,0.13998523,0.21857142,0.19347167
77,30.942932,0.2837952,23.460772,27.304056,34.43448,10.973707000000001,279.62476000000004,304.89435,117.77363999999999,127.47673,0.27909067,0.5119427,0.15291907,0.26197138,0.40720759999999995,0.25428855,3.0237648,1.8233054,2.0024545,0.6449971999999999,0.04878459,1.7455058,1.7168539,0.77743536,2.9666982,1.1098901,-2.9643576,-4.307542,32.738803999999995,0.5500139000000001,891.36676,0.29624966,1288.6292,0.19380936,-148.13182,-0.5785971999999999,1810.2241,0.13876852,-143.17876,-0.59879136,3023.8977,0.11563838,-150.28186000000002,-0.49870285,-9.170966,-0.5319105,26.223114000000002,0.42084932,0.12873101,0.12892714,-0.00980615,-1.3924003999999999,-3.2698267000000003,17.192816,0.13473234,0.004696383,3.5765379999999998,2.7417027999999997,0.10210526,0.069629006,0.25555554,0.24267541
78,40.13685,0.29939628,27.822481,39.94685,52.843796,25.021314999999998,415.1313,230.81848,261.40915,140.39452,0.23691750000000003,1.018202,0.041171107,0.17229153,0.38436317,0.34319207,4.779269,3.2631984,3.9041812000000005,3.077171,0.041696846,2.379702,1.6276597,0.55450165,4.539208400000001,0.83632237,-1.7836787,-9.398485,18.307858,1.1500226,922.92645,0.26357633,1236.4506,0.20934807,-179.91135,-0.31171679999999996,1871.6628,0.1242146,-175.57095,-0.34093732,2939.5225,0.113038085,-177.41858,-0.314502,-7.588922,-1.4229450000000001,22.190773,0.56008196,0.11596266,0.25057033,-0.00809698,-2.8899899,-2.203081,12.810961,0.12283881,0.009627092,2.4634335,1.8547142,0.065416664,0.05958042,0.47130436,0.6872396
79,34.549934,0.09362725,31.381265999999997,34.27476,37.6816,6.300333,89.82313,115.63259,11.423698,8.065672,0.35441387,0.9193263,0.07106851,0.24890862,0.5903301,0.5192616,6.5145745,3.7833695,5.360841000000001,2.8160641,0.012295858,1.1085325000000001,1.355475,0.62097025,6.1915574,0.48785743,-0.30997014,-24.359829,15.483198999999999,1.0982126,683.30743,0.32485536,1412.1501,0.15790255,-94.34149000000001,-1.0004126,1660.2806,0.11858738,-90.625,-0.9952114,2666.4485,0.10701926,-94.89358,-0.9162382,-4.9818473,-1.0009711,15.039344,0.79928905,0.08672867,0.26873600000000003,-0.010636453,-1.7929796999999998,-1.4922771000000001,8.058116,0.07007286,0.0030619495,3.3825629999999998,2.9608407000000003,0.18403225,0.1273484,0.13142857,0.16669385
80,31.158726,0.15978256,27.991444,30.87613,33.84375,5.852306400000001,264.24597,284.835,75.64819,67.60925,0.37803248,1.0425895,0.046270467,0.20786124,0.70837986,0.6621094,7.23406,4.038475,5.1604333,3.0800037000000002,0.026782706,2.1090271,1.6040641000000002,0.5994411000000001,4.111762000000001,0.7940615,-0.87004775,-11.147992,19.737207,0.89324653,762.2445,0.36830702,1337.6119,0.20212412,-128.04369,-0.7188165,1732.3406,0.15350537,-125.41031000000001,-0.71974534,2805.2175,0.1387289,-129.82933,-0.65576935,-6.154793,-0.7307385999999999,16.778048000000002,0.58039093,0.09673846,0.28777978,-0.014518453,-1.2380556,-1.4873584999999998,9.522957,0.08155908,0.0068486114,2.4836152,2.5570147,0.1472973,0.111371025,0.22643834,0.4698714
81,32.098293,0.31378558,24.35957,27.644968,36.56713,12.2075615,501.95955999999995,764.20703,238.3724,294.5596,0.37298024,0.6457868,0.14519422,0.34403968,0.58672404,0.4415298,4.238079,1.9476569,2.7572205000000003,1.1519673000000001,0.060146034,1.5566103,1.8418294999999998,0.52714896,3.021977,1.1651026000000002,-0.20301901,-84.75016,27.838352,0.7667616999999999,897.9579,0.26471445,1314.8912,0.29356632,-129.94017,-0.71694386,1823.5347,0.13849297,-128.07457,-0.7016989,2976.9988,0.122315116,-134.62527,-0.60808635,-7.236448299999999,-0.8202111999999999,25.368679999999998,0.4676977,0.12685296,0.1268448,-0.009691060999999999,-1.8189959999999998,-3.1306032999999998,16.329912,0.12949418,0.004969986,3.1128404,3.0657747000000004,0.121454544,0.08818200000000001,0.18759260000000003,0.16083044
82,33.82175,0.2713612,24.25219,33.462723,37.025597,12.773407,724.4321,818.4599,173.13582,137.6014,0.32944298,0.83018565,0.08704131,0.26152745,0.53342247,0.44638115,5.140537,3.7838027000000003,4.4773307,3.8499237999999996,0.040325448,2.3930871,1.9588241999999998,0.5234047000000001,3.2242398,1.0060425,0.85731465,19.281558999999998,22.599518,0.948257,787.72833,0.3498255,1353.3704,0.2513393,-147.17747,-0.57482004,1738.1887,0.15097032,-141.3923,-0.5999324,2819.3694,0.1289425,-145.73781,-0.541942,-6.3041267,-0.8749018,21.532587,0.6083861999999999,0.114471845,0.20696492,-0.014898231000000001,-1.2902844,-4.413801,17.732431,0.117507696,0.001276783,2.6375625,3.237574,0.08633802,0.0794566,0.21102941,0.3007204
83,30.290609999999997,0.02776807,29.660415999999998,30.080498,30.796833000000003,1.1364173999999998,56.622333999999995,74.05996999999999,13.940148,12.831325999999999,0.30550018,0.8754786,0.07327655,0.2151991,0.5136381,0.44036153,6.5066795,3.2904115,3.2361975,2.0891323,0.011810278,1.0997908,1.5372461000000002,0.5970608000000001,4.734828,0.46338270000000004,-0.29336542,-21.648134,12.254046,1.2061768999999998,652.64,0.35698602,1386.5709,0.20418128,-98.68391,-0.9578805,1672.1687,0.13667628,-99.13944000000001,-0.90008956,2684.9036,0.10327984400000001,-98.63149,-0.91007614,-5.592147,-0.9612411,13.675304999999998,0.9264929000000001,0.08450239999999999,0.19091746,-0.021286527000000003,-0.84564483,-0.27172092,5.851674,0.06944771,0.0038141673,3.4068138999999995,3.6511157,0.13666667,0.09603239599999999,0.11722222,0.12857361
84,32.91903,0.09456541,30.605995,32.059853000000004,34.987587,4.3815919999999995,106.670296,256.41,14.776326999999998,9.833989,0.33191390000000004,1.0072524999999999,0.06573908,0.20122027,0.57842064,0.51268154,7.452605999999999,5.7901354000000005,5.0610867,3.4363654,0.012464351,1.3675635,1.4135753,0.6421300999999999,6.2440166,0.4108028,0.702554,11.405522999999999,11.659013,1.0758228,635.1555,0.3653014,1426.8099,0.18608426,-113.02006999999999,-0.8325906999999999,1646.6665,0.113825016,-109.10261499999999,-0.8342923000000001,2619.0452,0.1005448,-109.684715,-0.8259112,-5.3416963,-0.7906238,12.375491,0.6084658000000001,0.08402308,0.23779497,-0.018255567,-1.0729541999999999,-2.2921642999999996,8.528999,0.06982733,-0.00030767292,2.6017346000000003,2.8781796,0.15604651,0.12918599,0.16288888,0.2693417
85,31.919472,0.2948945,25.037689999999998,28.772049,37.16818,12.130489,558.30994,879.4777,169.87098999999998,132.0186,0.32883140000000005,0.9515594999999999,0.08008692,0.23290634,0.49970070000000005,0.41961378,4.856631299999999,3.3104649,3.2832614999999996,2.5528715,0.043360062000000005,1.7368865000000002,1.6637393,0.5781965,3.5480666,0.76006365,-0.129442,-128.40782,23.77412,0.87561464,830.4379,0.32056996,1362.8629,0.26427957,-127.5397,-0.73445064,1762.3994,0.1502937,-123.80121000000001,-0.74570996,2895.0256,0.13369615,-130.05225,-0.65588754,-7.803482000000001,-0.676502,22.571041,0.47605562,0.12101217,0.22384715,-0.013690988999999999,-1.3376529,-2.7622955,14.25177,0.10821097,0.0062031084999999994,2.5394382,2.8527372000000004,0.13445945,0.11221531,0.20366198,0.26764613
86,34.829353000000005,0.35567504,23.322691,33.133697999999995,52.6409,29.318209000000003,577.3946,808.3901400000001,389.77985,712.2167,0.34115267,0.7274623,0.117017835,0.28492567,0.5310114,0.41399357,4.817905400000001,2.3759847,3.3567120000000004,1.4365801,0.04786954400000001,1.7783418000000002,1.9192197,0.5600504,3.0105903,1.0723115,-1.8980442,-9.3503895,22.204007999999998,1.0238696,811.1092,0.36580202,1319.8347,0.23274729,-158.84605,-0.48454480000000005,1770.6066,0.142502,-152.37643,-0.51518375,2870.8845,0.12803888,-155.8288,-0.47083232,-8.525757,-0.70206845,22.453561999999998,0.4622737,0.12746945,0.14148915,-0.01841207,-1.1407539,-3.586547,17.541635999999997,0.13080052,-0.00059956615,3.3349214,3.0563517000000004,0.07578125,0.06463369,0.2382258,0.24530117
87,32.29936,0.3141704,22.227198,31.619432,35.877784999999996,13.650587,1453.2484,1021.2828400000001,102.31829,107.24178,0.31146240000000003,1.0383263,0.05157984400000001,0.18340987,0.51332444,0.4617446,6.067533,4.506761599999999,4.006974,3.439964,0.022507247,0.77350634,1.8844193,0.48319083,2.9484744,0.55730915,-5.1181436,-1.4178905000000002,4.8405585,2.7931,601.5862400000001,0.5358569000000001,1287.4325,0.19295615,-173.71806,-0.3691236,1631.8077,0.16381082,-171.79092,-0.37700745,2601.1420000000003,0.1347411,-171.99286999999998,-0.37643530000000003,-4.834155,-0.99632007,11.307784,0.601726,0.10830481,0.27275515,-0.03088231,-0.70673627,-2.3935256000000003,11.423477,0.10707973,0.00010468728000000002,2.8612304,1.7291067,0.08249999599999999,0.059037417,0.4384615,0.41779354
88,38.482834000000004,0.3911091,20.381807000000002,43.3916,53.668556,33.28675,259.79263,108.55696999999999,219.4002,157.9676,0.32330108,0.8573484,0.07957351,0.24369780000000002,0.5221582,0.4425847,5.798838,3.9181216,3.9166663,2.9482972999999997,0.04090828,1.4935226000000001,1.9571863,0.5109273,3.2954117999999997,0.7885156999999999,8.246383,2.4052596,29.793221999999997,0.8100941999999999,905.3544300000001,0.27250275,1222.1889999999999,0.2897416,-180.00433,-0.32969704,1871.4857,0.14001989999999997,-177.12355,-0.34214622,2935.4338,0.12270544,-179.41689,-0.30808052,-6.0994134,-1.5775489,26.846975,0.4682929,0.1204549,0.15843964,-0.013239868,-2.2883227,-2.1436889999999997,19.94236,0.12230394,0.011214173000000001,2.7663330000000004,1.416765,0.08083333,0.06701471,0.63,0.48307887
89,26.805190999999997,0.40964782,20.320736,21.005344,32.205265000000004,11.884528999999999,949.06085,565.9490400000001,156.02832,174.86092,0.3489638,0.9087615,0.07397602,0.257235,0.5916505999999999,0.51767457,5.9893160000000005,3.7299550000000004,2.9142582000000004,1.843721,0.018450916,1.4846317,1.7453979,0.6627194000000001,3.1220498,0.5872344,-5.29544,-2.3860443,22.789,0.88446915,835.4481,0.31120770000000003,1258.3655,0.22907683,-173.89737,-0.37743592,1810.6038,0.17380133,-173.24223,-0.37411702,2917.8193,0.123829454,-175.78633,-0.33714333,-10.997924000000001,-0.5850653,27.766813,0.38188684,0.12213997,0.13266987,-0.014157673999999999,-1.7112048,-5.805477,21.639565,0.11593384,0.0030308920000000003,2.4683123,1.6733601000000002,0.08359999,0.06892778,0.4746154,0.31978634
90,38.222893,0.18849853,35.020096,36.28252,40.846367,5.826271,921.2741,847.6719400000001,182.20228999999998,125.44748999999999,0.41295558,0.8878345999999999,0.05000595,0.31878224,0.73947567,0.6894697,6.885428999999999,4.109751999999999,4.76322,2.3471257999999997,0.020728985,1.6417825000000001,1.5569528,0.6688978,5.8314905,0.7196395000000001,0.41722888,30.771836999999998,15.063267999999999,1.2425442,753.8418,0.33181685,1354.4711,0.20339261,-148.24718000000001,-0.5655576,1705.3678,0.13657035,-139.90501,-0.6139423,2723.3054,0.12661092,-143.18622,-0.5708844,-4.565230000000001,-1.6857468999999998,14.896428,0.82654613,0.097217865,0.22636648,-0.009997794,-2.3238642000000005,-3.2481315,14.011142000000001,0.10270474,0.0019768374,3.168427,2.4022348,0.12255813,0.15489070000000002,0.30076924,0.421684
91,29.128138,0.2460879,22.058687,24.948275,35.78645,13.727762,25.744366,20.419344,99.07614000000001,49.921352,0.3622037,0.7860793,0.061479825999999994,0.3134188,0.6237128000000001,0.562233,5.3722754,2.8408666,4.461112,2.6810612999999996,0.012460293999999998,1.0710151,1.3661883999999997,0.6971602,4.982278,0.6533385,3.8916142,1.6405101999999998,16.288897,0.72811353,754.1374,0.36544934,1289.9606,0.22831108,-162.8207,-0.45682162,1721.4752,0.17043264,-159.28361999999998,-0.48453042,2739.369,0.1338466,-161.23398,-0.4562375,-5.6796875,-0.7743272,13.090909,0.49763668,0.07471656,0.36851993,-0.009040227,-1.5308138,-1.7533176,7.4532065,0.056677222,0.0076687940000000005,3.1473534,1.5850143,0.12090909,0.10833069,0.48454544,0.3150574
92,23.639828,0.27130303,19.854748,20.989674,24.89888,5.044132,429.98117,451.9513,174.5833,194.01433,0.37853172,0.64472586,0.15000750000000002,0.33942828,0.5849365,0.434929,5.2673473,3.1152825,3.7748082000000003,2.2556832,0.027648974,2.198583,1.4631861000000002,0.71571434,2.5681700000000003,0.7950833,-1.750545,-3.0418777,18.778545,0.88296956,785.9223599999999,0.30108409999999997,1226.7954,0.22271293,-174.63503,-0.3678272,1797.9685,0.16210918,-174.41836999999998,-0.36286345,2802.6646,0.10558037,-175.48035,-0.3478385,-8.541085,-0.94554484,17.233019,0.7548751,0.055157196,0.45857263,-0.021006302999999997,-1.2576818,-3.157407,11.478665,0.057293100000000007,-0.003546228,3.7160553999999997,1.5766841,0.07545454,0.06724405,0.522647,0.53462636
93,21.343564999999998,0.082777634,20.229641,21.279385,22.5626,2.3329582,60.969345,53.982330000000005,24.886110000000002,8.023599,0.38302627,0.72890633,0.09553821400000001,0.34752718,0.6058649,0.5103267,6.071613,3.7281482000000006,4.281066,2.5541503,0.015079481499999998,0.9104436,1.365721,0.70221585,3.7165324999999996,0.23077141,0.2195458,29.657576000000002,26.054886,0.74373335,690.3538,0.35778287,1365.4768,0.3121986,-180.51068,-0.3210646,1753.7886,0.12642294,-181.35147,-0.30330777,2796.7092,0.09434529400000001,-182.12618999999998,-0.29144213,-9.5288725,-0.574038,23.634129,0.71505857,0.040674545,0.8693868,-0.010002391999999999,-1.4723488,-2.9404752,11.212794,0.057054885,0.0021534688000000002,3.4195163,1.0887773,0.08461538,0.072389476,0.755,1.1048642
94,32.772224,0.43073007,20.547684,24.02101,51.020109999999995,30.472427000000003,1102.8727,1124.9623,238.21939,199.14172,0.31869367,0.86165476,0.0733532,0.24744149,0.522224,0.44887079999999996,4.11621,2.812268,2.6039642999999995,1.6783221000000001,0.034580056,1.786299,1.7871348999999999,0.6038091,3.4688152999999997,0.69093174,-2.7469034,-7.1378613,20.447167999999998,1.2228656,871.4655,0.30628228,1238.9773,0.28274295,-171.60783,-0.38503045,1844.7946,0.16103286,-167.22397,-0.41196972,2970.3390000000004,0.13488725,-170.29025,-0.36761674,-8.510035,-0.882868,22.734701,0.42702326,0.12629229,0.14623709,-0.017045448,-0.97299355,-6.1138515,19.313986,0.11787068,-0.003954015,2.5803053,2.3796932999999996,0.067777775,0.0483914,0.3174468,0.28352243
95,27.973095,0.40730879999999997,20.284222,21.38063,35.098583000000005,14.814362,926.1940300000001,1134.4366,242.68903999999998,429.49228,0.32691818,0.8686997,0.06633435,0.26905754,0.5528166,0.48648226,5.2277403,3.2685819,3.225474,1.9971744999999999,0.034365818,1.6925124,1.6921111,0.6858622,2.4764452,1.286608,-6.514694,-2.212743,21.030720000000002,1.0841037,803.5303299999999,0.3391711,1268.8331,0.18069373,-165.49178,-0.44604364,1773.6029,0.15823959,-163.22701999999998,-0.45257622,2932.7793,0.13708934,-167.15176,-0.39812067,-10.439427,-0.6919993,26.276059999999998,0.38530758,0.13036153,0.13455309999999998,-0.022523927000000003,-0.81311184,-6.525778,20.556305,0.11846110000000001,-0.0035229228000000002,2.6533275,2.5283349,0.07275862,0.052417196,0.30754387,0.27594987
96,26.638826,0.32550663,20.426773,23.786785000000002,31.887669,11.460896,595.5307,1171.2812,124.1265,103.11646,0.34715706,0.8148631,0.06616115,0.28994694,0.5994661,0.5333049,5.6665254,4.13746,3.8825593,2.2504315,0.045156117999999995,1.9329644,2.021795,0.7059293000000001,2.00623,1.4044609,-3.9048964999999995,-2.1279156,30.560144,0.7106985,771.10175,0.3330769,1326.5333,0.21828318,-165.24506,-0.45522743,1773.5581,0.16687465,-164.9073,-0.44224966,2914.8118,0.13187215,-168.49953,-0.3913788,-10.411944,-0.60557646,26.012716,0.5519108,0.09367738,0.45237142,-0.02426279,-0.9646623,-4.8909864,14.163563,0.07538857,-0.00413571,2.8014007000000003,1.8054163,0.09222222,0.06540944,0.4411111,0.5916726
97,31.50218,0.41001546,21.289898,23.722873999999997,49.607903,28.318005,834.3897,787.40985,197.58028000000002,149.33786,0.32440016,0.91210616,0.057984553,0.2421971,0.5604174,0.5024329000000001,3.8195514999999998,2.086631,3.0063412,2.0241678,0.039083865,1.7153566000000002,1.8198681,0.6301931,3.5137587,0.6500121999999999,-4.718554,-3.3151057,23.700598,0.98531175,817.44855,0.3616026,1230.079,0.2223363,-161.55579,-0.47153604,1813.1617,0.16173725,-156.38503,-0.49443302,2939.5813,0.12940897,-160.33716,-0.44415903,-10.00842,-0.83918035,24.513964,0.5166911,0.12703127,0.14228998,-0.023256144,-0.9155511000000001,-6.6975636,19.103888,0.11773161,-0.0008530342,2.1619878,2.4902976000000003,0.09012987,0.077300124,0.2911688,0.30161026
98,27.936224,0.39682528,20.269182,21.232569,40.434277,20.165094,916.8458,1086.0104,126.0434,80.96422,0.28840920000000003,0.8221733,0.060964353,0.2218308,0.52739304,0.46642870000000003,3.6419604,2.1190849999999997,2.7023467999999995,1.6568755000000002,0.042117395,1.7482095000000002,1.5872278,0.6261605,3.168677,0.6491292,-4.6602902,-3.0697715,23.091694,0.8841044,788.4303,0.3750817,1243.1521,0.22704443,-167.13248000000002,-0.41713104,1806.9067,0.15940936,-163.26099,-0.43021286,2962.0278,0.13345344,-166.40941999999998,-0.38648415,-11.485459,-0.636242,27.195234000000003,0.5305788,0.12893467,0.12810649,-0.028320642000000004,-0.66613626,-5.774071,18.620972000000002,0.12632358,-0.002726835,2.3864512,2.550232,0.07666666,0.08040303,0.28529412,0.21785364
99,37.475048,0.36959964,21.851416,38.631138,53.08968,31.238264,854.0742,961.5171,162.40157,62.540386,0.33954936,0.84912866,0.08847991,0.25384724,0.5690648,0.48058490000000004,4.272164,1.8055949,3.2606277,1.7439993999999999,0.035266537,1.2177483,2.1116066000000004,0.44848317,2.7267822999999995,1.0053973,-0.595978,-37.252646999999996,22.36815,1.0282359,905.0798300000001,0.30668049999999997,1218.631,0.26184586,-161.03262,-0.46601692,1862.693,0.15355991,-155.92368000000002,-0.48725194,2941.1279999999997,0.13182017,-159.94326999999998,-0.43981868,-7.3594713,-1.0899413999999998,20.933854999999998,0.49336648,0.12900577,0.15794255,-0.016306071999999998,-1.138694,-5.188562999999999,15.580667499999999,0.12025637,0.00094544335,2.718169,3.1700287,0.06909091,0.055914633,0.23571427,0.20434731
100,36.617577000000004,0.40201494,20.539925,32.79152,54.295235,33.755309999999994,707.4868,493.98434000000003,209.0052,87.69627,0.22590142,1.1390982,0.027474655,0.11624522,0.42356783,0.39609320000000003,5.0040374000000005,5.192916,5.339472,5.427556,0.06573206,1.6624546000000002,2.0617959999999997,0.5536502,4.1420045,0.32762414,6.0757666,2.0566150000000003,40.143375,0.43148595,924.3960000000001,0.14963657,1271.5673,0.115543,-190.68518,-0.22827728,1900.5997,0.09330954400000001,-189.47258,-0.22599176,3075.1191,0.067789,-190.90135,-0.19626094,-15.507001999999998,-0.31629735,26.66149,0.23658562,0.13197464,0.1241654,-0.037271023,-0.6241201,-4.612564599999999,14.678614999999999,0.082725696,0.005924486600000001,2.0040080000000002,0.8097166,0.065,0.040311288,1.145,1.4869851
101,32.278587,0.23404389999999997,24.45809,32.13171,38.631332,14.173243,196.69444,126.49553,122.14202,132.64354,0.29929617,0.9633848,0.029657025,0.22417827,0.5034889,0.47383186,5.623979599999999,3.8766632000000003,4.0593114,2.527112,0.019244261000000002,1.7588471999999997,1.4111468999999999,0.60745496,5.56076,0.5769460999999999,-0.5730234000000001,-19.571413,22.443161,0.82150114,794.18677,0.30539757,1334.3756,0.22380933,-122.25696599999999,-0.76973194,1737.4845,0.13018838,-115.37838,-0.81027836,2808.1492,0.12867808,-121.9707,-0.7117651999999999,-7.0115848,-0.8542465,21.176792000000003,0.624028,0.11429365,0.21983029999999998,-0.011596273999999998,-1.4834238000000002,-2.6743717,11.805572,0.0854271,0.013281757,2.939337,2.3839397,0.18552631,0.16520637,0.20820512,0.3632042
102,38.340717,0.043914847,36.627186,38.4455,39.893734,3.2665482000000003,22.90634,16.599564,12.753571,7.076588,0.39399633,0.8439639999999999,0.06443985,0.31820092,0.69498885,0.630549,7.42639,3.5682309,6.8804216,3.4423041,0.013738338000000001,1.1633737,1.2873826000000002,0.5277771,7.5885563,0.41798908,3.2838464,2.9290112999999995,14.868360999999998,0.99563164,760.2148,0.28125113,1414.4673,0.18583971,-85.41835,-1.068044,1715.2567,0.11618169,-76.680374,-1.1257899,2662.1665,0.10433446,-81.05869,-1.0326005999999999,-5.911044,-0.98831075,14.101498000000001,0.6578454,0.09099352,0.27669970000000005,-0.008766419000000001,-1.863514,-1.2266129,7.3144326,0.0640553,0.018329708,4.5056324,2.6448362000000003,0.23666665,0.21366046,0.11545455,0.18658966
